-1.000000000000000e-05	1.578947526315790e-01	9.863794346630841e-02	9.982288938769671e-02	
-1.000000000000000e-05	2.631579210526316e-01	1.214426698755457e-01	8.491413572856200e-02	
-1.000000000000000e-05	1.052631684210526e-01	7.272432178776241e-02	7.265492006201833e-02	
-1.000000000000000e-05	2.105263368421053e-01	9.414287313782686e-02	8.275906795584667e-02	
-1.000000000000000e-05	5.263158421052631e-02	7.491679987313234e-02	8.806377623746801e-02	
-1.000000000000000e-05	0.000000000000000e+00	7.351062701178961e-02	8.708905313635022e-02	
-1.000000000000000e-05	3.684210894736842e-01	2.461374640991332e-01	9.076402124464467e-02	
-1.000000000000000e-05	4.210526736842105e-01	3.348916270548005e-01	9.304436982168285e-02	
-1.000000000000000e-05	4.736842578947368e-01	4.310781291635548e-01	6.653570551753171e-02	
-1.000000000000000e-05	3.157895052631579e-01	1.991418162126787e-01	6.855484774817414e-02	
-1.000000000000000e-05	5.263158421052632e-01	4.524514243846692e-01	6.659392070822692e-02	
-1.000000000000000e-05	5.789474263157895e-01	4.807356126308154e-01	7.136338571547304e-02	
-1.000000000000000e-05	6.315790105263158e-01	4.485609477730367e-01	8.287890938889161e-02	
-1.000000000000000e-05	6.842105947368421e-01	4.736151343193657e-01	6.951711330340769e-02	
-1.000000000000000e-05	7.368421789473685e-01	4.814746744129038e-01	4.867938161642186e-02	
-1.000000000000000e-05	7.894737631578947e-01	4.633327467105149e-01	1.037878951487378e-01	
-1.000000000000000e-05	8.421053473684210e-01	4.376738257532907e-01	8.620517060252156e-02	
-1.000000000000000e-05	8.947369315789473e-01	5.093256265239732e-01	1.113737862713757e-01	
-1.000000000000000e-05	9.473685157894737e-01	4.812974504816832e-01	1.039002112244031e-01	
-1.000000000000000e-05	1.000000100000000e+00	5.011584630084636e-01	9.515272395145259e-02	
-6.210169418915616e-06	0.000000000000000e+00	1.366017480123616e-01	7.315628643773889e-02	
-6.210169418915616e-06	5.263158421052631e-02	1.817769294706913e-01	1.029217762392231e-01	
-6.210169418915616e-06	1.052631684210526e-01	1.165639477015556e-01	9.003662043457476e-02	
-6.210169418915616e-06	1.578947526315790e-01	1.561947349219193e-01	7.074206884745962e-02	
-6.210169418915616e-06	2.105263368421053e-01	1.722934518315087e-01	7.054879101853730e-02	
-6.210169418915616e-06	2.631579210526316e-01	1.608254145928296e-01	6.845453372511334e-02	
-6.210169418915616e-06	3.157895052631579e-01	2.410817743290022e-01	1.028678382570615e-01	
-6.210169418915616e-06	3.684210894736842e-01	2.845239172225774e-01	9.804326982638439e-02	
-6.210169418915616e-06	4.210526736842105e-01	3.588086231270708e-01	1.040857241234847e-01	
-6.210169418915616e-06	4.736842578947368e-01	4.226445211415087e-01	9.031005131212370e-02	
-6.210169418915616e-06	5.263158421052632e-01	4.788257185630884e-01	9.285743638875174e-02	
-6.210169418915616e-06	5.789474263157895e-01	5.008489760535741e-01	8.890061252737387e-02	
-6.210169418915616e-06	6.315790105263158e-01	4.745060225076377e-01	8.759322609730442e-02	
-6.210169418915616e-06	6.842105947368421e-01	4.696359842870211e-01	8.093052084440394e-02	
-6.210169418915616e-06	7.368421789473685e-01	4.895892371266695e-01	8.909254974861558e-02	
-6.210169418915616e-06	7.894737631578947e-01	4.895382372742508e-01	1.025097525652685e-01	
-6.210169418915616e-06	8.421053473684210e-01	4.721200978447898e-01	9.378681293623010e-02	
-6.210169418915616e-06	8.947369315789473e-01	4.623583778592284e-01	8.680988285349357e-02	
-6.210169418915616e-06	9.473685157894737e-01	4.837064864019738e-01	1.303417144403829e-01	
-6.210169418915616e-06	1.000000100000000e+00	4.394049125160863e-01	1.120977186590836e-01	
-3.856620421163472e-06	0.000000000000000e+00	1.677912475134438e-01	6.002238620072459e-02	
-3.856620421163472e-06	1.052631684210526e-01	1.879257513355226e-01	7.733070918961463e-02	
-3.856620421163472e-06	5.263158421052631e-02	1.587922976208456e-01	5.021324515502191e-02	
-3.856620421163472e-06	1.578947526315790e-01	2.016130483101111e-01	8.057319448731592e-02	
-3.856620421163472e-06	2.631579210526316e-01	2.301222323067679e-01	8.333545333635486e-02	
-3.856620421163472e-06	2.105263368421053e-01	1.947620254477458e-01	7.298266350446111e-02	
-3.856620421163472e-06	3.157895052631579e-01	2.914371132631105e-01	9.026915521481674e-02	
-3.856620421163472e-06	3.684210894736842e-01	3.360071219594803e-01	6.631311304521011e-02	
-3.856620421163472e-06	4.210526736842105e-01	4.004317301926654e-01	5.591247176090167e-02	
-3.856620421163472e-06	4.736842578947368e-01	4.325260070987432e-01	8.259179660972946e-02	
-3.856620421163472e-06	5.263158421052632e-01	4.689356744993455e-01	9.484741198459713e-02	
-3.856620421163472e-06	5.789474263157895e-01	4.745571493149076e-01	1.003353343175665e-01	
-3.856620421163472e-06	6.315790105263158e-01	5.068077062019803e-01	8.766468035731489e-02	
-3.856620421163472e-06	6.842105947368421e-01	4.950926153029769e-01	9.589037062085631e-02	
-3.856620421163472e-06	7.368421789473685e-01	4.717642117019286e-01	9.911975551097693e-02	
-3.856620421163472e-06	7.894737631578947e-01	5.109638929516219e-01	1.060611978063057e-01	
-3.856620421163472e-06	8.421053473684210e-01	4.975541170082092e-01	1.207780407855401e-01	
-3.856620421163472e-06	8.947369315789473e-01	4.802206832806945e-01	1.042063817496668e-01	
-3.856620421163472e-06	9.473685157894737e-01	4.609109416365818e-01	8.924694993626840e-02	
-3.856620421163472e-06	1.000000100000000e+00	4.742174433849208e-01	1.316011834876404e-01	
-2.395026619987485e-06	0.000000000000000e+00	2.341465808639911e-01	8.627003014196503e-02	
-2.395026619987485e-06	5.263158421052631e-02	2.564727572613070e-01	7.725375225284131e-02	
-2.395026619987485e-06	1.052631684210526e-01	2.523681010957847e-01	8.798494718049005e-02	
-2.395026619987485e-06	1.578947526315790e-01	2.386160533383380e-01	7.520892613193381e-02	
-2.395026619987485e-06	2.105263368421053e-01	2.683454363933829e-01	1.000006694565860e-01	
-2.395026619987485e-06	2.631579210526316e-01	2.798792861047735e-01	7.338762836044244e-02	
-2.395026619987485e-06	3.157895052631579e-01	3.199014528320424e-01	7.943103332122195e-02	
-2.395026619987485e-06	3.684210894736842e-01	3.885391476532843e-01	5.426830835532940e-02	
-2.395026619987485e-06	4.210526736842105e-01	4.408591004275301e-01	4.859522658849302e-02	
-2.395026619987485e-06	4.736842578947368e-01	4.561720860837218e-01	7.605133400918331e-02	
-2.395026619987485e-06	5.263158421052632e-01	4.946568071719376e-01	6.697632571279589e-02	
-2.395026619987485e-06	5.789474263157895e-01	4.838919191890729e-01	7.576519928139330e-02	
-2.395026619987485e-06	6.315790105263158e-01	4.887258672536466e-01	9.620635841778961e-02	
-2.395026619987485e-06	6.842105947368421e-01	4.781385091140178e-01	9.189807850232587e-02	
-2.395026619987485e-06	7.368421789473685e-01	5.289663490820232e-01	7.743167959921690e-02	
-2.395026619987485e-06	7.894737631578947e-01	4.928316404709768e-01	9.559043916498824e-02	
-2.395026619987485e-06	8.421053473684210e-01	4.675122854330476e-01	1.189324562141509e-01	
-2.395026619987485e-06	8.947369315789473e-01	4.503653740442545e-01	1.194271019842213e-01	
-2.395026619987485e-06	9.473685157894737e-01	4.758396045096346e-01	1.135970790846311e-01	
-2.395026619987485e-06	1.000000100000000e+00	4.704601812582735e-01	1.169217672250569e-01	
-1.487352107293511e-06	0.000000000000000e+00	3.250564963660167e-01	6.209511134874639e-02	
-1.487352107293511e-06	5.263158421052631e-02	3.150508495261383e-01	7.477955340510910e-02	
-1.487352107293511e-06	1.052631684210526e-01	3.191086286466401e-01	4.780189914289264e-02	
-1.487352107293511e-06	1.578947526315790e-01	3.113925227254762e-01	7.020092078300190e-02	
-1.487352107293511e-06	2.105263368421053e-01	2.999584950350883e-01	7.849106537568899e-02	
-1.487352107293511e-06	2.631579210526316e-01	3.402936786147781e-01	6.250816746454051e-02	
-1.487352107293511e-06	3.157895052631579e-01	3.843093985321709e-01	6.797516461590977e-02	
-1.487352107293511e-06	3.684210894736842e-01	3.968588253113515e-01	8.058068114183704e-02	
-1.487352107293511e-06	4.210526736842105e-01	4.516400551038539e-01	6.135730019407192e-02	
-1.487352107293511e-06	4.736842578947368e-01	4.663704445726888e-01	6.526521113633683e-02	
-1.487352107293511e-06	5.263158421052632e-01	4.911267971344371e-01	6.652177067158394e-02	
-1.487352107293511e-06	5.789474263157895e-01	4.998770211228507e-01	8.478510177164868e-02	
-1.487352107293511e-06	6.315790105263158e-01	4.775924020847654e-01	6.766229954380683e-02	
-1.487352107293511e-06	6.842105947368421e-01	4.874306314063651e-01	9.482463927679720e-02	
-1.487352107293511e-06	7.368421789473685e-01	4.879590904000713e-01	8.593857598514103e-02	
-1.487352107293511e-06	7.894737631578947e-01	4.950408788988288e-01	8.901959975726655e-02	
-1.487352107293511e-06	8.421053473684210e-01	4.570907652239183e-01	1.224321944279981e-01	
-1.487352107293511e-06	8.947369315789473e-01	5.024412690324052e-01	9.723894727427559e-02	
-1.487352107293511e-06	9.473685157894737e-01	4.480789118169448e-01	1.242502844174409e-01	
-1.487352107293511e-06	1.000000100000000e+00	4.378811690315839e-01	1.312721088796437e-01	
-9.236708571873862e-07	0.000000000000000e+00	3.634052606813130e-01	6.106187349626672e-02	
-9.236708571873862e-07	5.263158421052631e-02	3.927165419765674e-01	5.593999220468753e-02	
-9.236708571873862e-07	1.052631684210526e-01	3.643869065333691e-01	7.649665555746908e-02	
-9.236708571873862e-07	1.578947526315790e-01	3.963200079916480e-01	5.672745592403855e-02	
-9.236708571873862e-07	2.105263368421053e-01	3.888015676442155e-01	4.749073300761934e-02	
-9.236708571873862e-07	2.631579210526316e-01	3.739596963009945e-01	6.116499360067951e-02	
-9.236708571873862e-07	3.157895052631579e-01	4.359742011378441e-01	6.539719818637367e-02	
-9.236708571873862e-07	3.684210894736842e-01	4.426483490590017e-01	5.999507080037742e-02	
-9.236708571873862e-07	4.210526736842105e-01	4.621605124333277e-01	5.869363248872694e-02	
-9.236708571873862e-07	4.736842578947368e-01	4.803057996933282e-01	8.978156947287037e-02	
-9.236708571873862e-07	5.263158421052632e-01	4.978816959630614e-01	7.101804859768611e-02	
-9.236708571873862e-07	5.789474263157895e-01	5.078096766756964e-01	8.817579678387250e-02	
-9.236708571873862e-07	6.315790105263158e-01	5.040449806298388e-01	8.197167926311104e-02	
-9.236708571873862e-07	6.842105947368421e-01	4.988817228514951e-01	8.029320824813418e-02	
-9.236708571873862e-07	7.368421789473685e-01	4.750162012792100e-01	7.239427156919211e-02	
-9.236708571873862e-07	7.894737631578947e-01	4.682358182996520e-01	1.047363197213945e-01	
-9.236708571873862e-07	8.421053473684210e-01	4.747487203671288e-01	9.879508862160891e-02	
-9.236708571873862e-07	8.947369315789473e-01	4.865100669116730e-01	1.252704704557517e-01	
-9.236708571873862e-07	9.473685157894737e-01	4.423815248351629e-01	1.269424308919393e-01	
-9.236708571873862e-07	1.000000100000000e+00	4.765569399068661e-01	1.196330221244554e-01	
-5.736152510448679e-07	0.000000000000000e+00	4.232036737314623e-01	4.773722965221336e-02	
-5.736152510448679e-07	5.263158421052631e-02	4.344522088219943e-01	6.421744349465081e-02	
-5.736152510448679e-07	1.052631684210526e-01	4.495621630877570e-01	5.066125014689151e-02	
-5.736152510448679e-07	1.578947526315790e-01	4.292339929614810e-01	5.507290283742811e-02	
-5.736152510448679e-07	2.105263368421053e-01	4.358578178211965e-01	6.327252625649825e-02	
-5.736152510448679e-07	2.631579210526316e-01	4.333228796039592e-01	6.630596547410308e-02	
-5.736152510448679e-07	3.157895052631579e-01	4.450881335074093e-01	7.101112110397291e-02	
-5.736152510448679e-07	3.684210894736842e-01	4.338467415576745e-01	6.950881101625675e-02	
-5.736152510448679e-07	4.210526736842105e-01	4.645053937351419e-01	6.067226905726193e-02	
-5.736152510448679e-07	4.736842578947368e-01	4.463580074993162e-01	5.141024584463346e-02	
-5.736152510448679e-07	5.263158421052632e-01	4.729741996563085e-01	8.156546115826903e-02	
-5.736152510448679e-07	5.789474263157895e-01	5.031473164804888e-01	8.210268871409546e-02	
-5.736152510448679e-07	6.315790105263158e-01	5.092081215835302e-01	9.101043890581978e-02	
-5.736152510448679e-07	6.842105947368421e-01	5.221116985244028e-01	9.306900358387098e-02	
-5.736152510448679e-07	7.368421789473685e-01	4.971277982918149e-01	8.506896567668402e-02	
-5.736152510448679e-07	7.894737631578947e-01	4.698991465602976e-01	8.657339545502485e-02	
-5.736152510448679e-07	8.421053473684210e-01	4.752772150546860e-01	1.169154895351054e-01	
-5.736152510448679e-07	8.947369315789473e-01	4.660872927262828e-01	1.055204331334488e-01	
-5.736152510448679e-07	9.473685157894737e-01	4.802012810611996e-01	1.162316949357477e-01	
-5.736152510448679e-07	1.000000100000000e+00	4.782386393276001e-01	1.079169569909634e-01	
-3.562247890262444e-07	0.000000000000000e+00	4.558540013736305e-01	7.734112135075996e-02	
-3.562247890262444e-07	5.263158421052631e-02	4.414556850704923e-01	6.968159337996520e-02	
-3.562247890262444e-07	1.052631684210526e-01	4.500242079711715e-01	8.802762632022619e-02	
-3.562247890262444e-07	1.578947526315790e-01	4.928918540190360e-01	7.814914743008709e-02	
-3.562247890262444e-07	2.105263368421053e-01	4.716511203224778e-01	5.966689682874911e-02	
-3.562247890262444e-07	2.631579210526316e-01	4.663653851792131e-01	6.418536372343822e-02	
-3.562247890262444e-07	3.157895052631579e-01	4.648099452043566e-01	5.707179398717602e-02	
-3.562247890262444e-07	3.684210894736842e-01	4.747792125614456e-01	9.193215583758700e-02	
-3.562247890262444e-07	4.210526736842105e-01	4.959361933620639e-01	7.886950948229871e-02	
-3.562247890262444e-07	4.736842578947368e-01	4.719000541604711e-01	7.494881484838459e-02	
-3.562247890262444e-07	5.263158421052632e-01	4.874249225044448e-01	8.636441612940263e-02	
-3.562247890262444e-07	5.789474263157895e-01	5.046401760522784e-01	6.965081762372044e-02	
-3.562247890262444e-07	6.315790105263158e-01	5.053902705805335e-01	9.526678505296730e-02	
-3.562247890262444e-07	6.842105947368421e-01	4.806816881930084e-01	1.235500713832235e-01	
-3.562247890262444e-07	7.368421789473685e-01	5.140003484756999e-01	1.323133349459970e-01	
-3.562247890262444e-07	7.894737631578947e-01	4.786585305423614e-01	1.068409610527056e-01	
-3.562247890262444e-07	8.421053473684210e-01	4.813069958378950e-01	1.073256511070879e-01	
-3.562247890262444e-07	8.947369315789473e-01	4.767222417353078e-01	1.101099187550757e-01	
-3.562247890262444e-07	9.473685157894737e-01	4.689723918216141e-01	1.056295381221945e-01	
-3.562247890262444e-07	1.000000100000000e+00	4.329865037983723e-01	1.240666279815462e-01	
-2.212216291070449e-07	0.000000000000000e+00	4.723474130955030e-01	9.018927778887796e-02	
-2.212216291070449e-07	5.263158421052631e-02	4.697816472982291e-01	8.944407972668195e-02	
-2.212216291070449e-07	1.052631684210526e-01	4.830393842356324e-01	8.813043307015438e-02	
-2.212216291070449e-07	1.578947526315790e-01	4.736451161543138e-01	9.539039347343761e-02	
-2.212216291070449e-07	2.105263368421053e-01	4.681854293807327e-01	1.005272422649987e-01	
-2.212216291070449e-07	2.631579210526316e-01	4.788837441001911e-01	7.123730669653697e-02	
-2.212216291070449e-07	3.157895052631579e-01	4.708600213752669e-01	9.473826953877609e-02	
-2.212216291070449e-07	3.684210894736842e-01	4.823695621238862e-01	9.309270942487252e-02	
-2.212216291070449e-07	4.210526736842105e-01	4.581047334503662e-01	8.232264087804010e-02	
-2.212216291070449e-07	4.736842578947368e-01	4.628543187311965e-01	7.908997354741489e-02	
-2.212216291070449e-07	5.263158421052632e-01	5.010604089421853e-01	1.043491278661403e-01	
-2.212216291070449e-07	5.789474263157895e-01	4.746385238976363e-01	1.059178414027602e-01	
-2.212216291070449e-07	6.315790105263158e-01	5.121361663875698e-01	1.058698862007097e-01	
-2.212216291070449e-07	6.842105947368421e-01	4.838982713654719e-01	1.204837644240492e-01	
-2.212216291070449e-07	7.368421789473685e-01	5.022103798416413e-01	9.783546430640661e-02	
-2.212216291070449e-07	7.894737631578947e-01	4.686984832420460e-01	1.380113257265416e-01	
-2.212216291070449e-07	8.421053473684210e-01	4.883514321532429e-01	1.068541535883891e-01	
-2.212216291070449e-07	8.947369315789473e-01	4.421246182705859e-01	1.364629660735332e-01	
-2.212216291070449e-07	9.473685157894737e-01	4.279096748032784e-01	1.337828171282057e-01	
-2.212216291070449e-07	1.000000100000000e+00	4.334557101150819e-01	1.110417943706920e-01	
-1.373823795883262e-07	0.000000000000000e+00	4.807837827665477e-01	9.074571475512422e-02	
-1.373823795883262e-07	5.263158421052631e-02	4.976322769098024e-01	1.047749063599913e-01	
-1.373823795883262e-07	1.052631684210526e-01	4.744950488897566e-01	9.005119775874802e-02	
-1.373823795883262e-07	1.578947526315790e-01	4.502241270715052e-01	8.423911118902490e-02	
-1.373823795883262e-07	2.105263368421053e-01	4.580113911908444e-01	1.003249481352537e-01	
-1.373823795883262e-07	2.631579210526316e-01	4.418555423586543e-01	9.760029056770506e-02	
-1.373823795883262e-07	3.157895052631579e-01	4.645393397758250e-01	1.037213743256887e-01	
-1.373823795883262e-07	3.684210894736842e-01	4.614955308310475e-01	9.785389085465081e-02	
-1.373823795883262e-07	4.210526736842105e-01	4.665790934700860e-01	9.106979863884727e-02	
-1.373823795883262e-07	4.736842578947368e-01	4.735417713228156e-01	7.946873665023632e-02	
-1.373823795883262e-07	5.263158421052632e-01	4.884407944598538e-01	9.180485159036382e-02	
-1.373823795883262e-07	5.789474263157895e-01	5.010890708609476e-01	1.065050850285341e-01	
-1.373823795883262e-07	6.315790105263158e-01	4.887996216517741e-01	9.139035664008792e-02	
-1.373823795883262e-07	6.842105947368421e-01	5.126424459491850e-01	1.000726129039260e-01	
-1.373823795883262e-07	7.368421789473685e-01	5.028991694294348e-01	9.086665171769245e-02	
-1.373823795883262e-07	7.894737631578947e-01	4.695795694598914e-01	1.217315840345788e-01	
-1.373823795883262e-07	8.421053473684210e-01	4.686460504515347e-01	1.372094243145908e-01	
-1.373823795883262e-07	8.947369315789473e-01	4.785405244887214e-01	1.360545821136732e-01	
-1.373823795883262e-07	9.473685157894737e-01	4.414354579924451e-01	1.375275796900040e-01	
-1.373823795883262e-07	1.000000100000000e+00	4.357396366894607e-01	1.109746785185504e-01	
-8.531678524172806e-08	0.000000000000000e+00	4.713318269022818e-01	8.634730473297504e-02	
-8.531678524172806e-08	5.263158421052631e-02	4.734150328335030e-01	7.840882206164276e-02	
-8.531678524172806e-08	1.052631684210526e-01	4.406388610141844e-01	9.390578379750820e-02	
-8.531678524172806e-08	1.578947526315790e-01	4.473690036163039e-01	9.872307508382396e-02	
-8.531678524172806e-08	2.105263368421053e-01	4.647770483236743e-01	8.605726227347442e-02	
-8.531678524172806e-08	2.631579210526316e-01	4.507589836164002e-01	9.375902195338526e-02	
-8.531678524172806e-08	3.157895052631579e-01	4.639863374341237e-01	9.452339528692355e-02	
-8.531678524172806e-08	3.684210894736842e-01	4.728097557324628e-01	9.037380039873556e-02	
-8.531678524172806e-08	4.210526736842105e-01	4.424231879731503e-01	7.455028669816556e-02	
-8.531678524172806e-08	4.736842578947368e-01	4.858300099255294e-01	8.350650498135255e-02	
-8.531678524172806e-08	5.263158421052632e-01	4.944392108605705e-01	9.012426523062819e-02	
-8.531678524172806e-08	5.789474263157895e-01	5.407803694341782e-01	1.012597714060579e-01	
-8.531678524172806e-08	6.315790105263158e-01	5.101994580837095e-01	1.194732203368978e-01	
-8.531678524172806e-08	6.842105947368421e-01	5.230610665901099e-01	1.123659798856688e-01	
-8.531678524172806e-08	7.368421789473685e-01	4.811665344504377e-01	1.138950918059908e-01	
-8.531678524172806e-08	7.894737631578947e-01	4.771010024920834e-01	1.319627256999978e-01	
-8.531678524172806e-08	8.421053473684210e-01	4.531314112404711e-01	1.094676900220989e-01	
-8.531678524172806e-08	8.947369315789473e-01	4.401101310621224e-01	1.259659225971877e-01	
-8.531678524172806e-08	9.473685157894737e-01	4.506937087672443e-01	1.172480914620977e-01	
-8.531678524172806e-08	1.000000100000000e+00	4.663199128935857e-01	9.681866116104651e-02	
-5.298316906283714e-08	0.000000000000000e+00	4.799252876711416e-01	1.060818819764492e-01	
-5.298316906283714e-08	5.263158421052631e-02	4.653221354380367e-01	8.911094624974213e-02	
-5.298316906283714e-08	1.052631684210526e-01	4.673098790953370e-01	9.810316008605739e-02	
-5.298316906283714e-08	1.578947526315790e-01	4.736810282881913e-01	8.516675866360097e-02	
-5.298316906283714e-08	2.105263368421053e-01	4.860105171085755e-01	9.753081801075482e-02	
-5.298316906283714e-08	2.631579210526316e-01	4.660441385959843e-01	9.777871840240966e-02	
-5.298316906283714e-08	3.157895052631579e-01	4.927493028758964e-01	8.729351033175235e-02	
-5.298316906283714e-08	3.684210894736842e-01	4.828607741479281e-01	8.604962574537170e-02	
-5.298316906283714e-08	4.210526736842105e-01	4.784606528968278e-01	7.919648931072076e-02	
-5.298316906283714e-08	4.736842578947368e-01	4.993231350035866e-01	9.279300328942053e-02	
-5.298316906283714e-08	5.263158421052632e-01	5.088235583793056e-01	1.026076153568548e-01	
-5.298316906283714e-08	5.789474263157895e-01	5.248923781621774e-01	1.050916522921568e-01	
-5.298316906283714e-08	6.315790105263158e-01	5.244577954147455e-01	1.132767053082445e-01	
-5.298316906283714e-08	6.842105947368421e-01	4.983389908680750e-01	1.394584309366672e-01	
-5.298316906283714e-08	7.368421789473685e-01	5.111214684725003e-01	1.303061617864983e-01	
-5.298316906283714e-08	7.894737631578947e-01	4.901584764039196e-01	1.025794088826333e-01	
-5.298316906283714e-08	8.421053473684210e-01	4.342889600495966e-01	1.330772665462422e-01	
-5.298316906283714e-08	8.947369315789473e-01	4.569801979328380e-01	1.365072171664589e-01	
-5.298316906283714e-08	9.473685157894737e-01	4.058550209919655e-01	1.392369755969504e-01	
-5.298316906283714e-08	1.000000100000000e+00	4.228475354737576e-01	1.230226799553387e-01	
-3.290344562312668e-08	0.000000000000000e+00	4.792375209265044e-01	9.227002155314896e-02	
-3.290344562312668e-08	5.263158421052631e-02	4.623000547995855e-01	1.146519145166879e-01	
-3.290344562312668e-08	1.052631684210526e-01	4.297933248814857e-01	1.160924368516613e-01	
-3.290344562312668e-08	1.578947526315790e-01	4.699153275498634e-01	8.169498754417923e-02	
-3.290344562312668e-08	2.105263368421053e-01	4.550528357503544e-01	8.419189594924542e-02	
-3.290344562312668e-08	2.631579210526316e-01	4.721427554310128e-01	1.024445781377820e-01	
-3.290344562312668e-08	3.157895052631579e-01	4.671882298098081e-01	7.894494304485526e-02	
-3.290344562312668e-08	3.684210894736842e-01	4.580781725693200e-01	8.067813714074257e-02	
-3.290344562312668e-08	4.210526736842105e-01	4.813667760046255e-01	8.068473833019003e-02	
-3.290344562312668e-08	4.736842578947368e-01	4.904388840410189e-01	6.187821236676229e-02	
-3.290344562312668e-08	5.263158421052632e-01	5.142711928190686e-01	6.781278254908114e-02	
-3.290344562312668e-08	5.789474263157895e-01	5.260598128425045e-01	8.703004320871255e-02	
-3.290344562312668e-08	6.315790105263158e-01	5.215016260264982e-01	1.203246729775349e-01	
-3.290344562312668e-08	6.842105947368421e-01	5.072417000924516e-01	9.974117162644633e-02	
-3.290344562312668e-08	7.368421789473685e-01	4.662056118505553e-01	9.460066140667944e-02	
-3.290344562312668e-08	7.894737631578947e-01	4.736407722799137e-01	1.151573449601622e-01	
-3.290344562312668e-08	8.421053473684210e-01	4.431527886332439e-01	1.243381138949178e-01	
-3.290344562312668e-08	8.947369315789473e-01	4.189667284635807e-01	1.147266764678758e-01	
-3.290344562312668e-08	9.473685157894737e-01	3.905621424617425e-01	1.209705097638673e-01	
-3.290344562312668e-08	1.000000100000000e+00	3.776284721803981e-01	1.361062143317724e-01	
-2.043359717856942e-08	0.000000000000000e+00	4.461118638503064e-01	7.178165797195096e-02	
-2.043359717856942e-08	5.263158421052631e-02	4.518301432139935e-01	7.595036211068557e-02	
-2.043359717856942e-08	1.052631684210526e-01	4.615467179752306e-01	6.971348248194825e-02	
-2.043359717856942e-08	1.578947526315790e-01	4.676038723718081e-01	6.749451952939459e-02	
-2.043359717856942e-08	2.105263368421053e-01	4.694297923554521e-01	6.913265458005173e-02	
-2.043359717856942e-08	2.631579210526316e-01	4.682481178087934e-01	7.967535765904461e-02	
-2.043359717856942e-08	3.157895052631579e-01	4.551287661017156e-01	9.418112138705016e-02	
-2.043359717856942e-08	3.684210894736842e-01	4.617281435379462e-01	6.375034893027000e-02	
-2.043359717856942e-08	4.210526736842105e-01	4.869163770506896e-01	5.813033932320151e-02	
-2.043359717856942e-08	4.736842578947368e-01	5.325344256536217e-01	8.487746206349017e-02	
-2.043359717856942e-08	5.263158421052632e-01	5.524849926026451e-01	7.474214690079098e-02	
-2.043359717856942e-08	5.789474263157895e-01	5.206556176286202e-01	1.323107333973572e-01	
-2.043359717856942e-08	6.315790105263158e-01	5.207580626021892e-01	1.167454001357217e-01	
-2.043359717856942e-08	6.842105947368421e-01	4.413666667284485e-01	1.468349309721964e-01	
-2.043359717856942e-08	7.368421789473685e-01	4.489176571134061e-01	1.439636634598972e-01	
-2.043359717856942e-08	7.894737631578947e-01	4.177586367621886e-01	1.474397165959392e-01	
-2.043359717856942e-08	8.421053473684210e-01	3.811901742213603e-01	1.362995822295786e-01	
-2.043359717856942e-08	8.947369315789473e-01	3.914249386455029e-01	1.280896768937624e-01	
-2.043359717856942e-08	9.473685157894737e-01	3.863131123835243e-01	1.110760546011388e-01	
-2.043359717856942e-08	1.000000100000000e+00	3.396452436959500e-01	1.061081016454783e-01	
-1.268961003167924e-08	0.000000000000000e+00	4.357804385180093e-01	9.427409470065892e-02	
-1.268961003167924e-08	5.263158421052631e-02	4.405887831699339e-01	9.163556683196852e-02	
-1.268961003167924e-08	1.052631684210526e-01	4.434908097451999e-01	9.038683696361501e-02	
-1.268961003167924e-08	1.578947526315790e-01	4.340130241704413e-01	8.077735964546084e-02	
-1.268961003167924e-08	2.105263368421053e-01	4.676920068282917e-01	6.982171327600524e-02	
-1.268961003167924e-08	2.631579210526316e-01	4.395915062770226e-01	7.384525769164138e-02	
-1.268961003167924e-08	3.157895052631579e-01	4.559747473884642e-01	7.144251659387200e-02	
-1.268961003167924e-08	3.684210894736842e-01	4.561863656999140e-01	6.980354533825736e-02	
-1.268961003167924e-08	4.210526736842105e-01	4.833886233469419e-01	5.157147406101703e-02	
-1.268961003167924e-08	4.736842578947368e-01	5.304283000692402e-01	6.694350722628833e-02	
-1.268961003167924e-08	5.263158421052632e-01	5.579817711430256e-01	8.483502147407121e-02	
-1.268961003167924e-08	5.789474263157895e-01	5.598596344743101e-01	9.724758577643876e-02	
-1.268961003167924e-08	6.315790105263158e-01	5.022707848166279e-01	1.424849290533528e-01	
-1.268961003167924e-08	6.842105947368421e-01	4.619687871214265e-01	1.226686098336133e-01	
-1.268961003167924e-08	7.368421789473685e-01	4.203817769984585e-01	1.246347171558485e-01	
-1.268961003167924e-08	7.894737631578947e-01	3.992451014823178e-01	9.875302383992593e-02	
-1.268961003167924e-08	8.421053473684210e-01	3.874620287674758e-01	1.228226011569210e-01	
-1.268961003167924e-08	8.947369315789473e-01	4.041193033822855e-01	1.082156887289319e-01	
-1.268961003167924e-08	9.473685157894737e-01	3.716498892851898e-01	1.140347385664378e-01	
-1.268961003167924e-08	1.000000100000000e+00	3.363215005599012e-01	7.933900215648627e-02	
-7.880462815669905e-09	0.000000000000000e+00	4.535717069955477e-01	6.311608399292698e-02	
-7.880462815669905e-09	5.263158421052631e-02	4.498432098064463e-01	6.633731600671293e-02	
-7.880462815669905e-09	1.052631684210526e-01	4.427549742505691e-01	6.552114608710195e-02	
-7.880462815669905e-09	1.578947526315790e-01	4.455902391940207e-01	7.790349456902228e-02	
-7.880462815669905e-09	2.105263368421053e-01	4.493493105946434e-01	6.430096650107213e-02	
-7.880462815669905e-09	2.631579210526316e-01	4.616874846439291e-01	5.511882837624929e-02	
-7.880462815669905e-09	3.157895052631579e-01	4.606052348525007e-01	6.546149855539732e-02	
-7.880462815669905e-09	3.684210894736842e-01	4.900928339832825e-01	4.039353803306000e-02	
-7.880462815669905e-09	4.210526736842105e-01	4.955707184135474e-01	5.620544240292339e-02	
-7.880462815669905e-09	4.736842578947368e-01	5.327002760216025e-01	6.067073986645361e-02	
-7.880462815669905e-09	5.263158421052632e-01	5.494245701838009e-01	8.470294289851797e-02	
-7.880462815669905e-09	5.789474263157895e-01	5.675660667660025e-01	8.579822208803760e-02	
-7.880462815669905e-09	6.315790105263158e-01	5.125898365472927e-01	1.145952195817575e-01	
-7.880462815669905e-09	6.842105947368421e-01	4.289913488953149e-01	1.276312616404637e-01	
-7.880462815669905e-09	7.368421789473685e-01	4.109891752977430e-01	1.251811111656183e-01	
-7.880462815669905e-09	7.894737631578947e-01	3.797389911764147e-01	1.472977299157074e-01	
-7.880462815669905e-09	8.421053473684210e-01	3.769729554155521e-01	1.139760762457779e-01	
-7.880462815669905e-09	8.947369315789473e-01	3.519722978064922e-01	1.012846782398506e-01	
-7.880462815669905e-09	9.473685157894737e-01	3.693061659682767e-01	1.117269792973090e-01	
-7.880462815669905e-09	1.000000100000000e+00	3.278397317116600e-01	9.812153881874140e-02	
-4.893900918477494e-09	0.000000000000000e+00	4.689580309727835e-01	7.096599356921696e-02	
-4.893900918477494e-09	5.263158421052631e-02	4.674315051324671e-01	8.484998306882247e-02	
-4.893900918477494e-09	1.052631684210526e-01	4.573238690205494e-01	8.459503655812967e-02	
-4.893900918477494e-09	1.578947526315790e-01	4.569182586936195e-01	9.121070701394894e-02	
-4.893900918477494e-09	2.105263368421053e-01	4.447781097134565e-01	9.106096549432272e-02	
-4.893900918477494e-09	2.631579210526316e-01	4.640448828194714e-01	6.235808049371699e-02	
-4.893900918477494e-09	3.157895052631579e-01	4.561850122273549e-01	7.567731470536739e-02	
-4.893900918477494e-09	3.684210894736842e-01	4.536569148059520e-01	1.025290808624351e-01	
-4.893900918477494e-09	4.210526736842105e-01	4.752146475283219e-01	1.017636927049203e-01	
-4.893900918477494e-09	4.736842578947368e-01	5.065264423845497e-01	8.425471819515877e-02	
-4.893900918477494e-09	5.263158421052632e-01	5.222288318508777e-01	7.869775995926517e-02	
-4.893900918477494e-09	5.789474263157895e-01	5.217325037601132e-01	1.051231353533380e-01	
-4.893900918477494e-09	6.315790105263158e-01	4.982764842261737e-01	1.213729460163814e-01	
-4.893900918477494e-09	6.842105947368421e-01	4.488682627887239e-01	1.288573148142937e-01	
-4.893900918477494e-09	7.368421789473685e-01	3.842236172100026e-01	1.258191531628597e-01	
-4.893900918477494e-09	7.894737631578947e-01	3.476118223596136e-01	8.272822175312082e-02	
-4.893900918477494e-09	8.421053473684210e-01	3.533447407755961e-01	1.169503008882748e-01	
-4.893900918477494e-09	8.947369315789473e-01	3.475654766186513e-01	1.082904385008341e-01	
-4.893900918477494e-09	9.473685157894737e-01	3.242395362408735e-01	1.038642149874835e-01	
-4.893900918477494e-09	1.000000100000000e+00	3.330909082478689e-01	1.236155113710241e-01	
-3.039195382313202e-09	0.000000000000000e+00	4.925169833254097e-01	8.737662930333714e-02	
-3.039195382313202e-09	5.263158421052631e-02	4.874461662665908e-01	9.859307911825493e-02	
-3.039195382313202e-09	1.052631684210526e-01	4.836341114118251e-01	8.696410148015959e-02	
-3.039195382313202e-09	1.578947526315790e-01	4.928707049294943e-01	7.752217011445209e-02	
-3.039195382313202e-09	2.105263368421053e-01	4.898912531529007e-01	8.732060881039858e-02	
-3.039195382313202e-09	2.631579210526316e-01	4.793904156741010e-01	9.517658873912356e-02	
-3.039195382313202e-09	3.157895052631579e-01	4.902115328626696e-01	8.111709827633630e-02	
-3.039195382313202e-09	3.684210894736842e-01	5.088953673005008e-01	8.911285164093284e-02	
-3.039195382313202e-09	4.210526736842105e-01	5.175428657721624e-01	9.009595502224972e-02	
-3.039195382313202e-09	4.736842578947368e-01	5.222807825615725e-01	8.719624424849919e-02	
-3.039195382313202e-09	5.263158421052632e-01	5.332627328304100e-01	8.256480601722360e-02	
-3.039195382313202e-09	5.789474263157895e-01	5.523897460456840e-01	1.055491323564401e-01	
-3.039195382313202e-09	6.315790105263158e-01	4.659180348713252e-01	1.240221966709280e-01	
-3.039195382313202e-09	6.842105947368421e-01	4.329422739110734e-01	1.024918257204886e-01	
-3.039195382313202e-09	7.368421789473685e-01	3.952615620680279e-01	1.326554376561511e-01	
-3.039195382313202e-09	7.894737631578947e-01	4.001259165339940e-01	1.349082861317544e-01	
-3.039195382313202e-09	8.421053473684210e-01	3.994962628116429e-01	1.194623190830020e-01	
-3.039195382313202e-09	8.947369315789473e-01	3.425016576268489e-01	9.635099049543175e-02	
-3.039195382313202e-09	9.473685157894737e-01	3.298511882465133e-01	1.170100512871576e-01	
-3.039195382313202e-09	1.000000100000000e+00	3.586346220096717e-01	1.171097192902097e-01	
-1.887391822135096e-09	0.000000000000000e+00	5.333531009356047e-01	9.719477508570609e-02	
-1.887391822135096e-09	5.263158421052631e-02	5.134325848005628e-01	9.613066032250549e-02	
-1.887391822135096e-09	1.052631684210526e-01	5.046495165193020e-01	8.583652937308497e-02	
-1.887391822135096e-09	1.578947526315790e-01	5.224668213774615e-01	1.007445558642629e-01	
-1.887391822135096e-09	2.105263368421053e-01	5.427390613942213e-01	9.179375798756025e-02	
-1.887391822135096e-09	2.631579210526316e-01	5.351752435206243e-01	8.160142876054421e-02	
-1.887391822135096e-09	3.157895052631579e-01	5.171780114768924e-01	8.593087120280150e-02	
-1.887391822135096e-09	3.684210894736842e-01	5.476706394449393e-01	7.203303413294203e-02	
-1.887391822135096e-09	4.210526736842105e-01	5.222165064557562e-01	1.012342131050193e-01	
-1.887391822135096e-09	4.736842578947368e-01	5.458410672424262e-01	8.440485249234157e-02	
-1.887391822135096e-09	5.263158421052632e-01	5.196893282740773e-01	8.803363807009873e-02	
-1.887391822135096e-09	5.789474263157895e-01	5.431393144889879e-01	9.749201169237327e-02	
-1.887391822135096e-09	6.315790105263158e-01	4.708745730051357e-01	1.512423614387958e-01	
-1.887391822135096e-09	6.842105947368421e-01	4.102824920853047e-01	1.231929187173947e-01	
-1.887391822135096e-09	7.368421789473685e-01	3.756772931144517e-01	1.497393189938422e-01	
-1.887391822135096e-09	7.894737631578947e-01	3.526035996095112e-01	1.232688366363499e-01	
-1.887391822135096e-09	8.421053473684210e-01	3.513245921907525e-01	1.352442295639542e-01	
-1.887391822135096e-09	8.947369315789473e-01	3.320824490966913e-01	1.119797129158370e-01	
-1.887391822135096e-09	9.473685157894737e-01	3.440972358941381e-01	1.128079520758222e-01	
-1.887391822135096e-09	1.000000100000000e+00	3.335587467054885e-01	1.197741329936468e-01	
-1.172102297533481e-09	0.000000000000000e+00	5.432289481751915e-01	8.456717473587706e-02	
-1.172102297533481e-09	5.263158421052631e-02	5.467132175389593e-01	8.577245920022888e-02	
-1.172102297533481e-09	1.052631684210526e-01	5.307472390412629e-01	7.773687868410178e-02	
-1.172102297533481e-09	1.578947526315790e-01	5.142773780831581e-01	8.803103579595919e-02	
-1.172102297533481e-09	2.105263368421053e-01	5.247172621298052e-01	6.178472374817270e-02	
-1.172102297533481e-09	2.631579210526316e-01	5.093368645144651e-01	9.025807573437056e-02	
-1.172102297533481e-09	3.157895052631579e-01	5.311260928614543e-01	1.051120734547397e-01	
-1.172102297533481e-09	3.684210894736842e-01	4.944163472347712e-01	7.976400946434374e-02	
-1.172102297533481e-09	4.210526736842105e-01	5.224316404712501e-01	9.885069263984941e-02	
-1.172102297533481e-09	4.736842578947368e-01	5.199451023181856e-01	7.593602368807952e-02	
-1.172102297533481e-09	5.263158421052632e-01	5.200338481240497e-01	9.577756022912064e-02	
-1.172102297533481e-09	5.789474263157895e-01	5.167180613014596e-01	1.063785488294281e-01	
-1.172102297533481e-09	6.315790105263158e-01	4.909315047019207e-01	1.186586350487566e-01	
-1.172102297533481e-09	6.842105947368421e-01	4.433850080762965e-01	1.269270676489901e-01	
-1.172102297533481e-09	7.368421789473685e-01	3.953258789132762e-01	1.316771367002612e-01	
-1.172102297533481e-09	7.894737631578947e-01	3.674665132835006e-01	1.154317209606070e-01	
-1.172102297533481e-09	8.421053473684210e-01	3.595855114672379e-01	1.229409716297605e-01	
-1.172102297533481e-09	8.947369315789473e-01	3.416944898480029e-01	1.259000308280881e-01	
-1.172102297533481e-09	9.473685157894737e-01	3.323157367349638e-01	1.342713565476342e-01	
-1.172102297533481e-09	1.000000100000000e+00	3.008233811118705e-01	1.183812852373653e-01	
-7.278953843983146e-10	0.000000000000000e+00	4.801158947662388e-01	1.097233988759152e-01	
-7.278953843983146e-10	5.263158421052631e-02	4.814692498395727e-01	9.789776027036312e-02	
-7.278953843983146e-10	1.052631684210526e-01	4.628587238495922e-01	9.065136026574822e-02	
-7.278953843983146e-10	1.578947526315790e-01	4.695548036383864e-01	9.651505475556262e-02	
-7.278953843983146e-10	2.105263368421053e-01	4.940011882680148e-01	1.194567736126989e-01	
-7.278953843983146e-10	2.631579210526316e-01	5.014732532232175e-01	8.297547952394052e-02	
-7.278953843983146e-10	3.157895052631579e-01	5.227297587320529e-01	1.073131915965061e-01	
-7.278953843983146e-10	3.684210894736842e-01	4.954782394427061e-01	1.150597382741359e-01	
-7.278953843983146e-10	4.210526736842105e-01	5.135416737558349e-01	1.101545521971297e-01	
-7.278953843983146e-10	4.736842578947368e-01	4.714892180527651e-01	1.087194786243837e-01	
-7.278953843983146e-10	5.263158421052632e-01	4.643234838643973e-01	9.565208797795770e-02	
-7.278953843983146e-10	5.789474263157895e-01	5.100070382319497e-01	1.134000004333156e-01	
-7.278953843983146e-10	6.315790105263158e-01	4.712172023836835e-01	1.543965581636633e-01	
-7.278953843983146e-10	6.842105947368421e-01	3.447032903284714e-01	1.196314170019798e-01	
-7.278953843983146e-10	7.368421789473685e-01	3.309482795257759e-01	1.192481359470253e-01	
-7.278953843983146e-10	7.894737631578947e-01	3.183930986699960e-01	1.177881624701738e-01	
-7.278953843983146e-10	8.421053473684210e-01	3.309568929150221e-01	1.192118454637319e-01	
-7.278953843983146e-10	8.947369315789473e-01	3.280933494161982e-01	9.281357865305975e-02	
-7.278953843983146e-10	9.473685157894737e-01	3.102096080373813e-01	1.101617502521551e-01	
-7.278953843983146e-10	1.000000100000000e+00	3.105065808381594e-01	1.123918177618806e-01	
-4.520353656360241e-10	0.000000000000000e+00	4.449742051579691e-01	1.494800080376390e-01	
-4.520353656360241e-10	5.263158421052631e-02	4.640256568740016e-01	1.342504960379456e-01	
-4.520353656360241e-10	1.052631684210526e-01	4.583048018999166e-01	1.033237171516501e-01	
-4.520353656360241e-10	1.578947526315790e-01	4.240872987619294e-01	1.093941444472913e-01	
-4.520353656360241e-10	2.105263368421053e-01	4.429264551083894e-01	1.268892555741556e-01	
-4.520353656360241e-10	2.631579210526316e-01	4.647536294772093e-01	1.353653021834796e-01	
-4.520353656360241e-10	3.157895052631579e-01	4.859209143818541e-01	1.450466412497503e-01	
-4.520353656360241e-10	3.684210894736842e-01	4.491999454784606e-01	1.179868712507606e-01	
-4.520353656360241e-10	4.210526736842105e-01	4.689389018333430e-01	1.256013020997544e-01	
-4.520353656360241e-10	4.736842578947368e-01	4.733459352542705e-01	1.176286060602864e-01	
-4.520353656360241e-10	5.263158421052632e-01	4.523721853324807e-01	1.079106043756684e-01	
-4.520353656360241e-10	5.789474263157895e-01	4.389367487961137e-01	1.547137098707671e-01	
-4.520353656360241e-10	6.315790105263158e-01	3.919713959107506e-01	1.178434836608251e-01	
-4.520353656360241e-10	6.842105947368421e-01	3.727450863413533e-01	1.130992779341531e-01	
-4.520353656360241e-10	7.368421789473685e-01	3.301823913261067e-01	1.008678685576880e-01	
-4.520353656360241e-10	7.894737631578947e-01	3.142630235366683e-01	1.316252652930431e-01	
-4.520353656360241e-10	8.421053473684210e-01	3.263986561474080e-01	1.272815768476442e-01	
-4.520353656360241e-10	8.947369315789473e-01	2.938036659779516e-01	1.177839479248425e-01	
-4.520353656360241e-10	9.473685157894737e-01	3.031849581313774e-01	1.177547449228368e-01	
-4.520353656360241e-10	1.000000100000000e+00	2.923838773195251e-01	9.992920357407994e-02	
-2.807216203941182e-10	0.000000000000000e+00	4.366377752949407e-01	1.052107577109889e-01	
-2.807216203941182e-10	5.263158421052631e-02	4.364264530020085e-01	1.174413020287820e-01	
-2.807216203941182e-10	1.052631684210526e-01	4.700252913346101e-01	1.221357291026759e-01	
-2.807216203941182e-10	1.578947526315790e-01	4.485962237724248e-01	1.346913293591705e-01	
-2.807216203941182e-10	2.105263368421053e-01	4.526302241852022e-01	1.469516048259022e-01	
-2.807216203941182e-10	2.631579210526316e-01	4.735486556582503e-01	1.429877457236298e-01	
-2.807216203941182e-10	3.157895052631579e-01	4.560080896780073e-01	1.367856241933485e-01	
-2.807216203941182e-10	3.684210894736842e-01	4.504591413778596e-01	9.451713455686829e-02	
-2.807216203941182e-10	4.210526736842105e-01	4.498498799309430e-01	1.039034613422986e-01	
-2.807216203941182e-10	4.736842578947368e-01	4.563698511097318e-01	1.256811398119587e-01	
-2.807216203941182e-10	5.263158421052632e-01	4.399624529786823e-01	1.109082866754914e-01	
-2.807216203941182e-10	5.789474263157895e-01	4.208651774895832e-01	1.267749802890869e-01	
-2.807216203941182e-10	6.315790105263158e-01	3.587975666238458e-01	1.033350285944628e-01	
-2.807216203941182e-10	6.842105947368421e-01	3.153731745894964e-01	1.112936420993628e-01	
-2.807216203941182e-10	7.368421789473685e-01	3.274481355978204e-01	1.405648383147781e-01	
-2.807216203941182e-10	7.894737631578947e-01	3.103283728258615e-01	1.163521865740935e-01	
-2.807216203941182e-10	8.421053473684210e-01	3.076239960054373e-01	1.084021607873012e-01	
-2.807216203941182e-10	8.947369315789473e-01	3.203632454918641e-01	1.182506410427440e-01	
-2.807216203941182e-10	9.473685157894737e-01	3.295691870229792e-01	1.254023003544045e-01	
-2.807216203941182e-10	1.000000100000000e+00	2.845470311383477e-01	8.594226730627412e-02	
-1.743328822199987e-10	0.000000000000000e+00	3.984580083338133e-01	1.097960948373555e-01	
-1.743328822199987e-10	5.263158421052631e-02	4.141644417916636e-01	1.057618566693234e-01	
-1.743328822199987e-10	1.052631684210526e-01	4.187771352708421e-01	1.099355996314507e-01	
-1.743328822199987e-10	1.578947526315790e-01	4.065964105250405e-01	1.251135241561695e-01	
-1.743328822199987e-10	2.105263368421053e-01	4.121501595293887e-01	1.149993547087901e-01	
-1.743328822199987e-10	2.631579210526316e-01	3.923435771339489e-01	1.000760193409922e-01	
-1.743328822199987e-10	3.157895052631579e-01	3.728675924863425e-01	9.057772001587890e-02	
-1.743328822199987e-10	3.684210894736842e-01	3.971089864421403e-01	9.169978205655918e-02	
-1.743328822199987e-10	4.210526736842105e-01	4.072687167270219e-01	9.812877531366029e-02	
-1.743328822199987e-10	4.736842578947368e-01	4.195825345371659e-01	1.118043620030570e-01	
-1.743328822199987e-10	5.263158421052632e-01	3.924350739885551e-01	8.361219598548815e-02	
-1.743328822199987e-10	5.789474263157895e-01	3.627086436281658e-01	1.005079840575756e-01	
-1.743328822199987e-10	6.315790105263158e-01	3.298250933740267e-01	9.817168676031018e-02	
-1.743328822199987e-10	6.842105947368421e-01	3.510382873190151e-01	1.384509679839952e-01	
-1.743328822199987e-10	7.368421789473685e-01	3.132608968236587e-01	1.370221244264895e-01	
-1.743328822199987e-10	7.894737631578947e-01	2.961136971122219e-01	1.201891323849522e-01	
-1.743328822199987e-10	8.421053473684210e-01	2.849984890280978e-01	1.167815684946110e-01	
-1.743328822199987e-10	8.947369315789473e-01	3.014019872407367e-01	1.414781784646937e-01	
-1.743328822199987e-10	9.473685157894737e-01	3.047871142488048e-01	1.144733483062974e-01	
-1.743328822199987e-10	1.000000100000000e+00	2.985953121071735e-01	1.200506328929474e-01	
-1.082636733874054e-10	0.000000000000000e+00	3.635478167710028e-01	8.489697629527661e-02	
-1.082636733874054e-10	5.263158421052631e-02	3.459821367557526e-01	8.835048478950737e-02	
-1.082636733874054e-10	1.052631684210526e-01	3.614349017694792e-01	1.041327261920073e-01	
-1.082636733874054e-10	1.578947526315790e-01	3.591172205243334e-01	1.102225033974656e-01	
-1.082636733874054e-10	2.105263368421053e-01	3.776005382337974e-01	1.300328708307194e-01	
-1.082636733874054e-10	2.631579210526316e-01	3.697425023909793e-01	1.107325894466950e-01	
-1.082636733874054e-10	3.157895052631579e-01	3.641985027203445e-01	1.071647630270301e-01	
-1.082636733874054e-10	3.684210894736842e-01	3.330690122018202e-01	1.198684750421427e-01	
-1.082636733874054e-10	4.210526736842105e-01	3.731995362863319e-01	1.290154163955274e-01	
-1.082636733874054e-10	4.736842578947368e-01	3.379149315836066e-01	8.823149225036994e-02	
-1.082636733874054e-10	5.263158421052632e-01	3.694439611817816e-01	1.133819645128306e-01	
-1.082636733874054e-10	5.789474263157895e-01	3.756427202731952e-01	1.031716371257611e-01	
-1.082636733874054e-10	6.315790105263158e-01	3.634087269960625e-01	1.191999380662028e-01	
-1.082636733874054e-10	6.842105947368421e-01	3.130839669646274e-01	9.651687639030819e-02	
-1.082636733874054e-10	7.368421789473685e-01	3.338304510327653e-01	1.308686056865552e-01	
-1.082636733874054e-10	7.894737631578947e-01	2.954839565258541e-01	1.152241227124499e-01	
-1.082636733874054e-10	8.421053473684210e-01	2.913288955130619e-01	1.160186268022383e-01	
-1.082636733874054e-10	8.947369315789473e-01	3.129419150235313e-01	1.225856133476037e-01	
-1.082636733874054e-10	9.473685157894737e-01	2.921149829549674e-01	1.015801997582609e-01	
-1.082636733874054e-10	1.000000100000000e+00	3.080756431963945e-01	1.006268226961535e-01	
-6.723357536499335e-11	0.000000000000000e+00	3.282662801458834e-01	1.009162018177466e-01	
-6.723357536499335e-11	5.263158421052631e-02	3.604024874862300e-01	1.401389384165980e-01	
-6.723357536499335e-11	1.052631684210526e-01	3.694646366304556e-01	1.390332935644758e-01	
-6.723357536499335e-11	1.578947526315790e-01	3.696166811570893e-01	1.388486183913519e-01	
-6.723357536499335e-11	2.105263368421053e-01	3.523755679409525e-01	1.386681235810354e-01	
-6.723357536499335e-11	2.631579210526316e-01	3.681559113386501e-01	1.391581896071862e-01	
-6.723357536499335e-11	3.157895052631579e-01	3.846344330709395e-01	1.332451430920458e-01	
-6.723357536499335e-11	3.684210894736842e-01	3.690265330571545e-01	1.215442571693228e-01	
-6.723357536499335e-11	4.210526736842105e-01	3.494991418917547e-01	1.213792192897470e-01	
-6.723357536499335e-11	4.736842578947368e-01	3.466661024901575e-01	1.239970441304843e-01	
-6.723357536499335e-11	5.263158421052632e-01	3.724022742119448e-01	1.127488409697714e-01	
-6.723357536499335e-11	5.789474263157895e-01	3.482256788304343e-01	9.974372185315922e-02	
-6.723357536499335e-11	6.315790105263158e-01	3.486468317030064e-01	1.216461026650964e-01	
-6.723357536499335e-11	6.842105947368421e-01	3.556601431489519e-01	1.382647925563896e-01	
-6.723357536499335e-11	7.368421789473685e-01	3.156207202658252e-01	1.069809738491647e-01	
-6.723357536499335e-11	7.894737631578947e-01	3.154321182621631e-01	1.229111735282452e-01	
-6.723357536499335e-11	8.421053473684210e-01	3.164368614488764e-01	1.148173973164975e-01	
-6.723357536499335e-11	8.947369315789473e-01	2.969234697201303e-01	1.118294088600544e-01	
-6.723357536499335e-11	9.473685157894737e-01	2.960147676371305e-01	9.232803962999953e-02	
-6.723357536499335e-11	1.000000100000000e+00	2.791977005660492e-01	1.038772206361568e-01	
-4.175318936560401e-11	0.000000000000000e+00	3.583561450973878e-01	1.161666770650853e-01	
-4.175318936560401e-11	5.263158421052631e-02	3.519708662376408e-01	1.123438502081851e-01	
-4.175318936560401e-11	1.052631684210526e-01	3.305944547820426e-01	1.103115321516465e-01	
-4.175318936560401e-11	1.578947526315790e-01	3.405277080358109e-01	1.107228687594003e-01	
-4.175318936560401e-11	2.105263368421053e-01	3.422859289298600e-01	1.066745381132400e-01	
-4.175318936560401e-11	2.631579210526316e-01	3.330565007047038e-01	9.132442365083797e-02	
-4.175318936560401e-11	3.157895052631579e-01	3.382222907309012e-01	1.170164901239548e-01	
-4.175318936560401e-11	3.684210894736842e-01	3.149077176994490e-01	1.209111107277082e-01	
-4.175318936560401e-11	4.210526736842105e-01	3.228894383199284e-01	1.158697982148310e-01	
-4.175318936560401e-11	4.736842578947368e-01	3.433917240581881e-01	1.018436519226704e-01	
-4.175318936560401e-11	5.263158421052632e-01	3.463219207736795e-01	1.054891462249495e-01	
-4.175318936560401e-11	5.789474263157895e-01	3.288174110290880e-01	1.435721119990195e-01	
-4.175318936560401e-11	6.315790105263158e-01	3.011176576921891e-01	9.612477789320109e-02	
-4.175318936560401e-11	6.842105947368421e-01	3.060886436190002e-01	1.085596092280861e-01	
-4.175318936560401e-11	7.368421789473685e-01	3.130708821437470e-01	1.196679583096110e-01	
-4.175318936560401e-11	7.894737631578947e-01	3.089111702803412e-01	1.210307020413095e-01	
-4.175318936560401e-11	8.421053473684210e-01	2.795324211499016e-01	1.017557944606428e-01	
-4.175318936560401e-11	8.947369315789473e-01	2.796018731058025e-01	1.014739571899384e-01	
-4.175318936560401e-11	9.473685157894737e-01	2.877429987879009e-01	1.003195397355184e-01	
-4.175318936560401e-11	1.000000100000000e+00	3.052605532130220e-01	1.057047748259121e-01	
-2.592943797404668e-11	0.000000000000000e+00	3.111965413881914e-01	7.712789577249336e-02	
-2.592943797404668e-11	5.263158421052631e-02	3.287141234408913e-01	7.770846961717964e-02	
-2.592943797404668e-11	1.052631684210526e-01	3.466707046637188e-01	1.003139327963443e-01	
-2.592943797404668e-11	1.578947526315790e-01	3.352275944946407e-01	9.504174449339654e-02	
-2.592943797404668e-11	2.105263368421053e-01	3.442550335778957e-01	8.656797186863366e-02	
-2.592943797404668e-11	2.631579210526316e-01	3.432522232821122e-01	1.010816197259528e-01	
-2.592943797404668e-11	3.157895052631579e-01	3.177657419650181e-01	8.875274091824263e-02	
-2.592943797404668e-11	3.684210894736842e-01	3.316957298808821e-01	9.099445739888330e-02	
-2.592943797404668e-11	4.210526736842105e-01	3.405447052358073e-01	1.026913918626948e-01	
-2.592943797404668e-11	4.736842578947368e-01	3.300523334707653e-01	1.070000740447175e-01	
-2.592943797404668e-11	5.263158421052632e-01	3.494154187275974e-01	1.225454553686288e-01	
-2.592943797404668e-11	5.789474263157895e-01	3.131885109271336e-01	1.040172423972771e-01	
-2.592943797404668e-11	6.315790105263158e-01	3.258785715124778e-01	1.115814257801656e-01	
-2.592943797404668e-11	6.842105947368421e-01	3.131741320847879e-01	1.167073104449919e-01	
-2.592943797404668e-11	7.368421789473685e-01	3.217361636691983e-01	1.137639124972664e-01	
-2.592943797404668e-11	7.894737631578947e-01	2.951916132852336e-01	1.101423289774565e-01	
-2.592943797404668e-11	8.421053473684210e-01	2.966728444994514e-01	9.697264400794271e-02	
-2.592943797404668e-11	8.947369315789473e-01	2.887735285559825e-01	1.113275756988969e-01	
-2.592943797404668e-11	9.473685157894737e-01	2.787851785819622e-01	1.011514702226015e-01	
-2.592943797404668e-11	1.000000100000000e+00	2.924316154382023e-01	1.012921721075790e-01	
-1.610262027560943e-11	0.000000000000000e+00	3.016269863779937e-01	9.548394368935041e-02	
-1.610262027560943e-11	5.263158421052631e-02	3.015782288869238e-01	9.682625370612917e-02	
-1.610262027560943e-11	1.052631684210526e-01	3.017655311458066e-01	9.674043550171126e-02	
-1.610262027560943e-11	1.578947526315790e-01	2.925898822726974e-01	9.884962950185269e-02	
-1.610262027560943e-11	2.105263368421053e-01	2.925818055720335e-01	9.875655662555798e-02	
-1.610262027560943e-11	2.631579210526316e-01	2.935001673411663e-01	9.900087532239860e-02	
-1.610262027560943e-11	3.157895052631579e-01	2.938561406280649e-01	9.926251118633700e-02	
-1.610262027560943e-11	3.684210894736842e-01	3.099023306477907e-01	9.008426656698233e-02	
-1.610262027560943e-11	4.210526736842105e-01	2.944713621264120e-01	1.022904772182030e-01	
-1.610262027560943e-11	4.736842578947368e-01	3.112823722529583e-01	1.064494130517177e-01	
-1.610262027560943e-11	5.263158421052632e-01	3.139034389481630e-01	1.098956111092545e-01	
-1.610262027560943e-11	5.789474263157895e-01	3.268116797765382e-01	1.325712171584000e-01	
-1.610262027560943e-11	6.315790105263158e-01	3.094110837741035e-01	1.285686402332019e-01	
-1.610262027560943e-11	6.842105947368421e-01	3.010700051332923e-01	1.133167005730365e-01	
-1.610262027560943e-11	7.368421789473685e-01	3.135867301822107e-01	1.189118532872022e-01	
-1.610262027560943e-11	7.894737631578947e-01	2.888465786741647e-01	1.285356892444813e-01	
-1.610262027560943e-11	8.421053473684210e-01	2.884503677775008e-01	1.146944471455250e-01	
-1.610262027560943e-11	8.947369315789473e-01	2.868476092931199e-01	1.122624629759670e-01	
-1.610262027560943e-11	9.473685157894737e-01	2.770409399913299e-01	1.125243575911191e-01	
-1.610262027560943e-11	1.000000100000000e+00	2.909893584514702e-01	1.132483697896852e-01	
-1.000000000000000e-11	0.000000000000000e+00	2.794095637417188e-01	8.634487324205622e-02	
-1.000000000000000e-11	5.263158421052631e-02	2.794560418899442e-01	8.640560523988304e-02	
-1.000000000000000e-11	1.052631684210526e-01	2.789859733099582e-01	8.627344363483302e-02	
-1.000000000000000e-11	1.578947526315790e-01	2.790179145217641e-01	8.622030902963797e-02	
-1.000000000000000e-11	2.105263368421053e-01	2.793528925081573e-01	8.597453138299518e-02	
-1.000000000000000e-11	2.631579210526316e-01	2.792082176479180e-01	8.586199161124312e-02	
-1.000000000000000e-11	3.157895052631579e-01	2.886284580915267e-01	1.033266785210745e-01	
-1.000000000000000e-11	3.684210894736842e-01	2.888222652062573e-01	1.035125145552704e-01	
-1.000000000000000e-11	4.210526736842105e-01	2.816528476087338e-01	1.063746847022832e-01	
-1.000000000000000e-11	4.736842578947368e-01	2.818492156737403e-01	1.067776351003151e-01	
-1.000000000000000e-11	5.263158421052632e-01	2.936162437244284e-01	1.020231943425954e-01	
-1.000000000000000e-11	5.789474263157895e-01	2.931353602969140e-01	1.163409186730094e-01	
-1.000000000000000e-11	6.315790105263158e-01	2.932932218036542e-01	1.172401772166827e-01	
-1.000000000000000e-11	6.842105947368421e-01	2.961123604184038e-01	1.178553542417629e-01	
-1.000000000000000e-11	7.368421789473685e-01	2.976011220352150e-01	1.278874026030315e-01	
-1.000000000000000e-11	7.894737631578947e-01	2.754336115985292e-01	1.065306040089808e-01	
-1.000000000000000e-11	8.421053473684210e-01	2.742747965815681e-01	1.037395905940390e-01	
-1.000000000000000e-11	8.947369315789473e-01	2.747757164103090e-01	1.042272197367717e-01	
-1.000000000000000e-11	9.473685157894737e-01	2.780663486661988e-01	9.839461801832210e-02	
-1.000000000000000e-11	1.000000100000000e+00	2.802341603291886e-01	1.151590954958633e-01	




