1.000000000000000e-10	6.000000263157893e-01	1.096468679534186e-02	2.288077140988183e-02	
1.000000000000000e-10	5.000000210526315e-01	2.049169570018885e-02	2.787665746601433e-02	
1.000000000000000e-10	3.000000105263158e-01	1.253024047443060e-03	7.908496984268849e-04	
1.000000000000000e-10	4.000000157894736e-01	2.803637565541608e-03	8.580381274848991e-03	
1.000000000000000e-10	2.000000052631579e-01	6.458193351104523e-04	7.391810547053961e-04	
1.000000000000000e-10	1.000000000000000e-01	1.437856824363777e-03	1.127375405354511e-03	
1.000000000000000e-10	9.000000421052630e-01	1.875516268922951e-01	6.746356164914051e-02	
1.000000000000000e-10	1.000000047368421e+00	2.318863286632877e-01	6.336921093346702e-02	
1.000000000000000e-10	8.000000368421051e-01	1.175532599115381e-01	6.876926297054074e-02	
1.000000000000000e-10	7.000000315789472e-01	4.905839880690206e-02	3.932354006174925e-02	
1.000000000000000e-10	1.100000052631579e+00	2.501367152473402e-01	5.426977549439583e-02	
1.000000000000000e-10	1.200000057894737e+00	2.320886094749232e-01	4.642404028911808e-02	
1.000000000000000e-10	1.300000063157895e+00	2.091177570290428e-01	3.320084786061641e-02	
1.000000000000000e-10	1.400000068421052e+00	1.909958136677547e-01	3.002698212895330e-02	
1.000000000000000e-10	1.500000073684210e+00	1.815809708342856e-01	2.747584906647272e-02	
1.000000000000000e-10	1.600000078947368e+00	1.618547154819810e-01	3.065710077212274e-02	
1.000000000000000e-10	1.700000084210526e+00	1.502690242516836e-01	2.965233455635761e-02	
1.000000000000000e-10	1.800000089473684e+00	1.368387781553810e-01	2.760897855731945e-02	
1.000000000000000e-10	1.900000094736842e+00	1.186310097917527e-01	2.512647600616838e-02	
1.000000000000000e-10	2.000000100000000e+00	1.155619198144752e-01	2.448712177203537e-02	
2.000000344827586e-10	1.000000000000000e-01	1.348557679996280e-03	8.030305481939387e-04	
2.000000344827586e-10	2.000000052631579e-01	1.118710083212351e-03	6.663542257602224e-04	
2.000000344827586e-10	3.000000105263158e-01	7.245211131147741e-04	5.147691395198989e-04	
2.000000344827586e-10	4.000000157894736e-01	9.293988800019620e-03	2.439572042345443e-02	
2.000000344827586e-10	5.000000210526315e-01	2.500892898806028e-02	3.190184259677297e-02	
2.000000344827586e-10	6.000000263157893e-01	3.842141024061689e-02	4.555551784760697e-02	
2.000000344827586e-10	7.000000315789472e-01	7.230106415178914e-02	6.994055707225508e-02	
2.000000344827586e-10	8.000000368421051e-01	8.125974012532136e-02	4.146617009353164e-02	
2.000000344827586e-10	9.000000421052630e-01	1.096440506898312e-01	5.517833369687224e-02	
2.000000344827586e-10	1.000000047368421e+00	1.691707358937325e-01	6.743154237919799e-02	
2.000000344827586e-10	1.100000052631579e+00	2.143813153483987e-01	4.958798899716083e-02	
2.000000344827586e-10	1.200000057894737e+00	2.409223843283817e-01	6.778757911606913e-02	
2.000000344827586e-10	1.300000063157895e+00	2.441546618064526e-01	5.101379139867031e-02	
2.000000344827586e-10	1.400000068421052e+00	2.549827950898112e-01	4.506237545170623e-02	
2.000000344827586e-10	1.500000073684210e+00	2.501455894587085e-01	3.904114376014687e-02	
2.000000344827586e-10	1.600000078947368e+00	2.411018104043117e-01	2.905550231036776e-02	
2.000000344827586e-10	1.700000084210526e+00	2.354790180841027e-01	3.485156849882558e-02	
2.000000344827586e-10	1.800000089473684e+00	2.085353824411954e-01	2.714599099034664e-02	
2.000000344827586e-10	1.900000094736842e+00	2.116584726479218e-01	3.062875163955566e-02	
2.000000344827586e-10	2.000000100000000e+00	2.036336441799858e-01	3.241356981257860e-02	
3.000000689655172e-10	1.000000000000000e-01	1.114281338638728e-03	7.903993007276912e-04	
3.000000689655172e-10	2.000000052631579e-01	7.807354402333368e-04	6.742075516916212e-04	
3.000000689655172e-10	3.000000105263158e-01	5.981164770676585e-04	5.100662097228116e-04	
3.000000689655172e-10	4.000000157894736e-01	9.943741032839040e-03	2.958456920351799e-02	
3.000000689655172e-10	5.000000210526315e-01	4.268820037431529e-02	4.842449708809787e-02	
3.000000689655172e-10	6.000000263157893e-01	6.709170560347642e-02	6.853914444570387e-02	
3.000000689655172e-10	8.000000368421051e-01	1.065218663272498e-01	7.007704204903809e-02	
3.000000689655172e-10	7.000000315789472e-01	1.069144591054126e-01	7.079559629856207e-02	
3.000000689655172e-10	9.000000421052630e-01	1.104182222581864e-01	8.669205645620467e-02	
3.000000689655172e-10	1.000000047368421e+00	1.579969499259013e-01	5.195162071545916e-02	
3.000000689655172e-10	1.100000052631579e+00	1.963236336743341e-01	6.358386861106592e-02	
3.000000689655172e-10	1.200000057894737e+00	2.071640967845903e-01	6.308495927468863e-02	
3.000000689655172e-10	1.300000063157895e+00	2.495906948467017e-01	4.586075298645966e-02	
3.000000689655172e-10	1.400000068421052e+00	2.403381463671198e-01	4.445031117627059e-02	
3.000000689655172e-10	1.500000073684210e+00	2.600334363384827e-01	4.721480733880543e-02	
3.000000689655172e-10	1.600000078947368e+00	2.383394473732310e-01	5.654084255217605e-02	
3.000000689655172e-10	1.700000084210526e+00	2.373270737580277e-01	5.144163213857113e-02	
3.000000689655172e-10	1.800000089473684e+00	2.490476975881949e-01	3.933234064566633e-02	
3.000000689655172e-10	1.900000094736842e+00	2.508408120058577e-01	3.930474478415515e-02	
3.000000689655172e-10	2.000000100000000e+00	2.366608192957857e-01	3.757551300815569e-02	
4.000001034482759e-10	1.000000000000000e-01	9.555076797299642e-04	6.330686556536210e-04	
4.000001034482759e-10	2.000000052631579e-01	6.064072192560761e-04	4.551660788526507e-04	
4.000001034482759e-10	3.000000105263158e-01	4.094593556349007e-03	1.580926874790735e-02	
4.000001034482759e-10	4.000000157894736e-01	1.378575639084319e-02	2.802024309438795e-02	
4.000001034482759e-10	5.000000210526315e-01	6.119222087223262e-02	4.755983746952611e-02	
4.000001034482759e-10	6.000000263157893e-01	6.459026540789473e-02	5.921859195549570e-02	
4.000001034482759e-10	7.000000315789472e-01	1.478298170261768e-01	7.243401536946831e-02	
4.000001034482759e-10	8.000000368421051e-01	1.566769996387184e-01	1.052069270662164e-01	
4.000001034482759e-10	9.000000421052630e-01	1.512006328671135e-01	7.547695546102000e-02	
4.000001034482759e-10	1.000000047368421e+00	1.585177680763073e-01	8.005394541855346e-02	
4.000001034482759e-10	1.100000052631579e+00	1.946990108347229e-01	6.469702321232498e-02	
4.000001034482759e-10	1.200000057894737e+00	1.812530480889356e-01	6.578497955909295e-02	
4.000001034482759e-10	1.300000063157895e+00	2.150667448634849e-01	6.535991820063689e-02	
4.000001034482759e-10	1.400000068421052e+00	2.292980921197535e-01	4.975421331743041e-02	
4.000001034482759e-10	1.500000073684210e+00	2.413112505315418e-01	4.611422453528009e-02	
4.000001034482759e-10	1.600000078947368e+00	2.543688346060056e-01	4.670154588605761e-02	
4.000001034482759e-10	1.700000084210526e+00	2.551137098677854e-01	3.822941052526132e-02	
4.000001034482759e-10	1.800000089473684e+00	2.487135441433628e-01	3.442122884777183e-02	
4.000001034482759e-10	1.900000094736842e+00	2.446843847753916e-01	2.463126797437064e-02	
4.000001034482759e-10	2.000000100000000e+00	2.440453443329659e-01	3.489872486375965e-02	
5.000001379310345e-10	1.000000000000000e-01	7.061620113268430e-04	3.834639361921415e-04	
5.000001379310345e-10	2.000000052631579e-01	5.977436227857102e-04	4.588704189352145e-04	
5.000001379310345e-10	3.000000105263158e-01	5.459636203376419e-03	1.306287299506895e-02	
5.000001379310345e-10	4.000000157894736e-01	5.181560204496860e-02	4.471394272596105e-02	
5.000001379310345e-10	5.000000210526315e-01	4.933852739765095e-02	4.797911936758581e-02	
5.000001379310345e-10	6.000000263157893e-01	8.633933027044692e-02	4.928737634505179e-02	
5.000001379310345e-10	7.000000315789472e-01	1.674671391232973e-01	7.690070882750863e-02	
5.000001379310345e-10	8.000000368421051e-01	1.772100276524803e-01	8.317902745786400e-02	
5.000001379310345e-10	9.000000421052630e-01	1.549240191628659e-01	7.796619586146217e-02	
5.000001379310345e-10	1.000000047368421e+00	1.378553168532822e-01	6.287020852817023e-02	
5.000001379310345e-10	1.100000052631579e+00	1.549114482867463e-01	4.730140598295726e-02	
5.000001379310345e-10	1.200000057894737e+00	1.804837830321893e-01	5.178172797067802e-02	
5.000001379310345e-10	1.300000063157895e+00	1.964519185777185e-01	4.126552287619008e-02	
5.000001379310345e-10	1.400000068421052e+00	2.213793281497392e-01	4.722066749473400e-02	
5.000001379310345e-10	1.500000073684210e+00	2.135735342293406e-01	5.161102833729232e-02	
5.000001379310345e-10	1.600000078947368e+00	2.416358569934372e-01	4.815826264641809e-02	
5.000001379310345e-10	1.700000084210526e+00	2.282466744826891e-01	6.150141785156423e-02	
5.000001379310345e-10	1.800000089473684e+00	2.456777368741684e-01	4.451155953251337e-02	
5.000001379310345e-10	1.900000094736842e+00	2.554641735929367e-01	2.078980374687516e-02	
5.000001379310345e-10	2.000000100000000e+00	2.578850561121577e-01	3.512856144751671e-02	
6.000001724137931e-10	1.000000000000000e-01	5.528407191833747e-04	4.120629987308361e-04	
6.000001724137931e-10	2.000000052631579e-01	4.952401604578788e-04	4.489797804928244e-04	
6.000001724137931e-10	3.000000105263158e-01	1.636026602737216e-02	2.793935676941922e-02	
6.000001724137931e-10	4.000000157894736e-01	5.184021099963580e-02	3.646812939347150e-02	
6.000001724137931e-10	5.000000210526315e-01	6.585107368136225e-02	4.063409892890425e-02	
6.000001724137931e-10	6.000000263157893e-01	1.065615190638917e-01	5.735985016404695e-02	
6.000001724137931e-10	7.000000315789472e-01	1.622507823637650e-01	7.705160703738596e-02	
6.000001724137931e-10	8.000000368421051e-01	1.847618684371581e-01	6.520610048285314e-02	
6.000001724137931e-10	9.000000421052630e-01	1.493098340663862e-01	7.891213048773423e-02	
6.000001724137931e-10	1.000000047368421e+00	1.292558253836303e-01	8.156024339600088e-02	
6.000001724137931e-10	1.100000052631579e+00	1.410890858326984e-01	7.345823269162695e-02	
6.000001724137931e-10	1.200000057894737e+00	1.343210236117265e-01	6.136969045192375e-02	
6.000001724137931e-10	1.300000063157895e+00	1.721656047128323e-01	5.243333441941882e-02	
6.000001724137931e-10	1.400000068421052e+00	1.816727172722528e-01	5.640560415812911e-02	
6.000001724137931e-10	1.500000073684210e+00	1.915683197588172e-01	6.009704799149156e-02	
6.000001724137931e-10	1.600000078947368e+00	2.229436619721178e-01	6.137694049562450e-02	
6.000001724137931e-10	1.700000084210526e+00	2.363895637426420e-01	6.019117084215626e-02	
6.000001724137931e-10	1.800000089473684e+00	2.375741555243333e-01	5.823054757114957e-02	
6.000001724137931e-10	1.900000094736842e+00	2.496151886670229e-01	5.069685289030271e-02	
6.000001724137931e-10	2.000000100000000e+00	2.381462577162251e-01	5.538981771544392e-02	
7.000002068965517e-10	1.000000000000000e-01	3.562740795102117e-03	5.757347261181168e-03	
7.000002068965517e-10	2.000000052631579e-01	4.289805509005970e-03	1.422712700753578e-02	
7.000002068965517e-10	3.000000105263158e-01	2.670522416581681e-02	3.402020804690645e-02	
7.000002068965517e-10	4.000000157894736e-01	6.677465205564148e-02	2.640922784161742e-02	
7.000002068965517e-10	5.000000210526315e-01	6.748252004999025e-02	5.335625695986918e-02	
7.000002068965517e-10	6.000000263157893e-01	1.165876355339203e-01	5.968340164333488e-02	
7.000002068965517e-10	7.000000315789472e-01	1.687727106945774e-01	7.613525063879741e-02	
7.000002068965517e-10	8.000000368421051e-01	1.902786269356309e-01	8.569223433114201e-02	
7.000002068965517e-10	9.000000421052630e-01	1.461459115176418e-01	1.048213721936733e-01	
7.000002068965517e-10	1.000000047368421e+00	1.336767366106278e-01	7.344019980348125e-02	
7.000002068965517e-10	1.100000052631579e+00	1.564615011215031e-01	7.502126427255712e-02	
7.000002068965517e-10	1.200000057894737e+00	1.564657466012716e-01	6.190011696850555e-02	
7.000002068965517e-10	1.300000063157895e+00	1.436404846282743e-01	5.894389613667055e-02	
7.000002068965517e-10	1.400000068421052e+00	1.523558262329008e-01	6.763659132939381e-02	
7.000002068965517e-10	1.500000073684210e+00	1.654673142116307e-01	5.099160806974996e-02	
7.000002068965517e-10	1.600000078947368e+00	2.041328571625597e-01	4.336365999430951e-02	
7.000002068965517e-10	1.700000084210526e+00	2.240557464277158e-01	7.159171002853819e-02	
7.000002068965517e-10	1.800000089473684e+00	2.280970977851076e-01	5.824787253659192e-02	
7.000002068965517e-10	1.900000094736842e+00	2.429289109735528e-01	5.381527906162846e-02	
7.000002068965517e-10	2.000000100000000e+00	2.354681819124405e-01	5.999856392673202e-02	
8.000002413793102e-10	1.000000000000000e-01	3.512615753141135e-02	2.318652881223935e-02	
8.000002413793102e-10	2.000000052631579e-01	2.416898263601883e-02	3.352159967390326e-02	
8.000002413793102e-10	3.000000105263158e-01	5.904326751182133e-02	4.303617634599895e-02	
8.000002413793102e-10	4.000000157894736e-01	7.576546937389204e-02	3.336950007766516e-02	
8.000002413793102e-10	5.000000210526315e-01	1.052740587539347e-01	3.058493519379729e-02	
8.000002413793102e-10	6.000000263157893e-01	1.015744567926688e-01	5.997424577671583e-02	
8.000002413793102e-10	7.000000315789472e-01	1.629751390459435e-01	7.424137444793934e-02	
8.000002413793102e-10	8.000000368421051e-01	1.757224204757802e-01	9.573262212024890e-02	
8.000002413793102e-10	9.000000421052630e-01	1.743702875791034e-01	1.048348856567909e-01	
8.000002413793102e-10	1.000000047368421e+00	1.504178695481137e-01	8.449500517400485e-02	
8.000002413793102e-10	1.100000052631579e+00	1.252720826693792e-01	6.818041959555218e-02	
8.000002413793102e-10	1.200000057894737e+00	1.232974791041283e-01	5.947007140055866e-02	
8.000002413793102e-10	1.300000063157895e+00	1.385585303979497e-01	5.324287689757464e-02	
8.000002413793102e-10	1.400000068421052e+00	1.399390307918109e-01	4.418434815390514e-02	
8.000002413793102e-10	1.500000073684210e+00	1.727901565971647e-01	4.101978849792715e-02	
8.000002413793102e-10	1.600000078947368e+00	1.756792572887978e-01	7.535446424761688e-02	
8.000002413793102e-10	1.700000084210526e+00	2.035185678787626e-01	4.339392971035943e-02	
8.000002413793102e-10	1.800000089473684e+00	2.278167470805889e-01	6.094244706872817e-02	
8.000002413793102e-10	1.900000094736842e+00	2.319749310082992e-01	4.130133122139335e-02	
8.000002413793102e-10	2.000000100000000e+00	2.339354021094363e-01	4.601242446726762e-02	
9.000002758620689e-10	1.000000000000000e-01	6.949585200203348e-02	1.363560240338037e-02	
9.000002758620689e-10	2.000000052631579e-01	6.960974112361572e-02	2.041875282574674e-02	
9.000002758620689e-10	3.000000105263158e-01	8.059213884933961e-02	3.775975504999198e-02	
9.000002758620689e-10	4.000000157894736e-01	9.933060665187238e-02	2.763494067769074e-02	
9.000002758620689e-10	5.000000210526315e-01	1.043319755343839e-01	4.222561894446816e-02	
9.000002758620689e-10	6.000000263157893e-01	1.206177430501787e-01	5.563719205240554e-02	
9.000002758620689e-10	7.000000315789472e-01	1.634014150217126e-01	6.879918225969975e-02	
9.000002758620689e-10	8.000000368421051e-01	2.240261319854225e-01	6.324393009973318e-02	
9.000002758620689e-10	9.000000421052630e-01	1.948928602325703e-01	7.948366614393963e-02	
9.000002758620689e-10	1.000000047368421e+00	1.430018466178265e-01	1.004574155390148e-01	
9.000002758620689e-10	1.100000052631579e+00	1.292846545704774e-01	7.450815945292640e-02	
9.000002758620689e-10	1.200000057894737e+00	1.434667940635498e-01	6.345294875147964e-02	
9.000002758620689e-10	1.300000063157895e+00	1.438348935482529e-01	6.659882846685727e-02	
9.000002758620689e-10	1.400000068421052e+00	1.663356064219345e-01	4.340468612304060e-02	
9.000002758620689e-10	1.500000073684210e+00	1.768441222466558e-01	6.489395721598926e-02	
9.000002758620689e-10	1.600000078947368e+00	1.830514862112735e-01	6.210730092483997e-02	
9.000002758620689e-10	1.700000084210526e+00	2.050741771284068e-01	6.683528601392279e-02	
9.000002758620689e-10	1.800000089473684e+00	2.254603113285871e-01	6.073180444665652e-02	
9.000002758620689e-10	1.900000094736842e+00	2.262796714945743e-01	4.812506274268456e-02	
9.000002758620689e-10	2.000000100000000e+00	2.474176820321342e-01	6.248165729946048e-02	
1.000000310344828e-09	1.000000000000000e-01	7.422286058508083e-02	7.154024085481043e-03	
1.000000310344828e-09	2.000000052631579e-01	8.625307056487463e-02	1.289466480996295e-02	
1.000000310344828e-09	3.000000105263158e-01	9.757047551907649e-02	2.007842720418732e-02	
1.000000310344828e-09	4.000000157894736e-01	1.112957380918728e-01	1.909097800705096e-02	
1.000000310344828e-09	5.000000210526315e-01	1.199877381077026e-01	2.246155903560823e-02	
1.000000310344828e-09	6.000000263157893e-01	1.328596897481061e-01	5.556170393550757e-02	
1.000000310344828e-09	7.000000315789472e-01	1.826350940575270e-01	6.472836873361147e-02	
1.000000310344828e-09	8.000000368421051e-01	2.305264198006429e-01	8.485720975681464e-02	
1.000000310344828e-09	9.000000421052630e-01	2.004283702891320e-01	9.890821564568010e-02	
1.000000310344828e-09	1.000000047368421e+00	1.477110160251471e-01	1.114977664864498e-01	
1.000000310344828e-09	1.100000052631579e+00	1.341820446408281e-01	9.019050488699089e-02	
1.000000310344828e-09	1.200000057894737e+00	1.200572831353694e-01	5.689230393062075e-02	
1.000000310344828e-09	1.300000063157895e+00	1.418402045323083e-01	7.000086701166255e-02	
1.000000310344828e-09	1.400000068421052e+00	1.493823065672635e-01	5.403798044141369e-02	
1.000000310344828e-09	1.500000073684210e+00	1.634176318159643e-01	7.149949944240190e-02	
1.000000310344828e-09	1.600000078947368e+00	1.828909079720101e-01	4.965565044840205e-02	
1.000000310344828e-09	1.700000084210526e+00	2.030152244516074e-01	6.022179812798229e-02	
1.000000310344828e-09	1.800000089473684e+00	2.091112744965601e-01	6.897089812894185e-02	
1.000000310344828e-09	1.900000094736842e+00	2.189987635779894e-01	5.742290839489314e-02	
1.000000310344828e-09	2.000000100000000e+00	2.436232499739242e-01	7.673288678496634e-02	
1.100000344827586e-09	1.000000000000000e-01	7.610788728812594e-02	6.916768460113230e-03	
1.100000344827586e-09	2.000000052631579e-01	8.183437294314203e-02	1.271279238533206e-02	
1.100000344827586e-09	3.000000105263158e-01	1.047423814495747e-01	1.895261489468151e-02	
1.100000344827586e-09	4.000000157894736e-01	1.116838830843158e-01	2.277917417071640e-02	
1.100000344827586e-09	5.000000210526315e-01	1.059333100805447e-01	3.962350840076464e-02	
1.100000344827586e-09	6.000000263157893e-01	1.354759990995807e-01	4.388428289185204e-02	
1.100000344827586e-09	7.000000315789472e-01	1.817309366821184e-01	6.338432570863448e-02	
1.100000344827586e-09	8.000000368421051e-01	2.052896434736024e-01	7.591545031182848e-02	
1.100000344827586e-09	9.000000421052630e-01	2.102197366733519e-01	8.740333007350563e-02	
1.100000344827586e-09	1.000000047368421e+00	1.640435282771122e-01	1.226568739854248e-01	
1.100000344827586e-09	1.100000052631579e+00	1.378212739671644e-01	8.322828788180860e-02	
1.100000344827586e-09	1.200000057894737e+00	1.286687684744744e-01	8.071247764278111e-02	
1.100000344827586e-09	1.300000063157895e+00	1.356855461464452e-01	6.119214694486617e-02	
1.100000344827586e-09	1.400000068421052e+00	1.286707636382832e-01	5.458514577291550e-02	
1.100000344827586e-09	1.500000073684210e+00	1.485142435328454e-01	5.849911159926559e-02	
1.100000344827586e-09	1.600000078947368e+00	1.776138549700961e-01	7.272581690160963e-02	
1.100000344827586e-09	1.700000084210526e+00	1.912586833435722e-01	5.644897928324662e-02	
1.100000344827586e-09	1.800000089473684e+00	1.970294809443191e-01	7.495615004996425e-02	
1.100000344827586e-09	1.900000094736842e+00	2.180580401129371e-01	7.819496387949419e-02	
1.100000344827586e-09	2.000000100000000e+00	2.307792096871852e-01	6.613268575879877e-02	
1.200000379310345e-09	1.000000000000000e-01	7.681892574058549e-02	6.381712273693638e-03	
1.200000379310345e-09	2.000000052631579e-01	7.864986620850184e-02	1.039622947162841e-02	
1.200000379310345e-09	3.000000105263158e-01	9.696188350365217e-02	1.826188125986548e-02	
1.200000379310345e-09	4.000000157894736e-01	1.109150543471212e-01	1.968558740904583e-02	
1.200000379310345e-09	5.000000210526315e-01	1.061058294254655e-01	2.532917834139923e-02	
1.200000379310345e-09	6.000000263157893e-01	1.343713731268671e-01	3.173308576950468e-02	
1.200000379310345e-09	7.000000315789472e-01	1.618186246700971e-01	5.668449707157593e-02	
1.200000379310345e-09	8.000000368421051e-01	2.004988580583531e-01	7.753398064857626e-02	
1.200000379310345e-09	9.000000421052630e-01	2.269676309928786e-01	8.668665735854307e-02	
1.200000379310345e-09	1.000000047368421e+00	1.658875788729444e-01	1.030194703228239e-01	
1.200000379310345e-09	1.100000052631579e+00	1.180160010231662e-01	7.358796702345397e-02	
1.200000379310345e-09	1.200000057894737e+00	1.015720443229035e-01	5.907942514027600e-02	
1.200000379310345e-09	1.300000063157895e+00	1.180100123865925e-01	5.644060624646447e-02	
1.200000379310345e-09	1.400000068421052e+00	1.413210783322703e-01	5.039540838435800e-02	
1.200000379310345e-09	1.500000073684210e+00	1.301313243149321e-01	5.154473010848615e-02	
1.200000379310345e-09	1.600000078947368e+00	1.882550141197060e-01	6.469220411909106e-02	
1.200000379310345e-09	1.700000084210526e+00	1.792058237656344e-01	7.080684990634177e-02	
1.200000379310345e-09	1.800000089473684e+00	1.843403023602736e-01	6.756926182015568e-02	
1.200000379310345e-09	1.900000094736842e+00	1.862291384912473e-01	6.240043975644036e-02	
1.200000379310345e-09	2.000000100000000e+00	2.052946228926113e-01	6.411002479371605e-02	
1.300000413793104e-09	1.000000000000000e-01	7.582046274240016e-02	9.227678977576783e-03	
1.300000413793104e-09	2.000000052631579e-01	7.508363709081574e-02	7.885173744005573e-03	
1.300000413793104e-09	3.000000105263158e-01	9.035569444821520e-02	1.672684415014048e-02	
1.300000413793104e-09	4.000000157894736e-01	1.024542822630584e-01	1.463178722150999e-02	
1.300000413793104e-09	5.000000210526315e-01	1.136802623935978e-01	1.922531433937372e-02	
1.300000413793104e-09	6.000000263157893e-01	1.151323819027595e-01	3.670283731566954e-02	
1.300000413793104e-09	7.000000315789472e-01	1.511105569883704e-01	5.908520074925955e-02	
1.300000413793104e-09	8.000000368421051e-01	2.140314783816898e-01	8.831920182715484e-02	
1.300000413793104e-09	9.000000421052630e-01	2.254077974079689e-01	6.222531234065781e-02	
1.300000413793104e-09	1.000000047368421e+00	1.517453979885668e-01	1.088712467518918e-01	
1.300000413793104e-09	1.100000052631579e+00	1.108353415273509e-01	9.049998858473519e-02	
1.300000413793104e-09	1.200000057894737e+00	1.114658701984122e-01	6.109653975737366e-02	
1.300000413793104e-09	1.300000063157895e+00	1.213110812221981e-01	6.163579921941190e-02	
1.300000413793104e-09	1.400000068421052e+00	1.229727710615679e-01	6.422284924390023e-02	
1.300000413793104e-09	1.500000073684210e+00	1.337814761154687e-01	5.465223088769037e-02	
1.300000413793104e-09	1.600000078947368e+00	1.716598700471275e-01	5.919710046716958e-02	
1.300000413793104e-09	1.700000084210526e+00	1.716557401240635e-01	5.763590944838583e-02	
1.300000413793104e-09	1.800000089473684e+00	1.986573541562547e-01	6.994457106344225e-02	
1.300000413793104e-09	1.900000094736842e+00	2.167200458101524e-01	6.530066906129484e-02	
1.300000413793104e-09	2.000000100000000e+00	2.142847305510973e-01	7.147492687697701e-02	
1.400000448275862e-09	1.000000000000000e-01	7.042717273094350e-02	1.071121861672740e-02	
1.400000448275862e-09	2.000000052631579e-01	7.431143895052847e-02	8.561990828049433e-03	
1.400000448275862e-09	3.000000105263158e-01	8.537941357385628e-02	1.381528758099339e-02	
1.400000448275862e-09	4.000000157894736e-01	1.025479342078810e-01	1.601989488041336e-02	
1.400000448275862e-09	5.000000210526315e-01	1.031389038426618e-01	1.740764359648829e-02	
1.400000448275862e-09	6.000000263157893e-01	1.201026606704777e-01	2.623692422628689e-02	
1.400000448275862e-09	7.000000315789472e-01	1.430542077135277e-01	4.439781630908163e-02	
1.400000448275862e-09	8.000000368421051e-01	1.879439528969737e-01	7.817329191714842e-02	
1.400000448275862e-09	9.000000421052630e-01	2.468360335311504e-01	8.281211581635035e-02	
1.400000448275862e-09	1.000000047368421e+00	1.742828952827291e-01	1.220231534138641e-01	
1.400000448275862e-09	1.100000052631579e+00	1.233573472803714e-01	1.066360451117515e-01	
1.400000448275862e-09	1.200000057894737e+00	9.024133726983438e-02	5.376946129203061e-02	
1.400000448275862e-09	1.300000063157895e+00	9.697283971063977e-02	6.988397873013460e-02	
1.400000448275862e-09	1.400000068421052e+00	1.252720980230239e-01	7.195184239953750e-02	
1.400000448275862e-09	1.500000073684210e+00	1.385935760893039e-01	5.076592114552229e-02	
1.400000448275862e-09	1.600000078947368e+00	1.716527010953785e-01	7.306140234309610e-02	
1.400000448275862e-09	1.800000089473684e+00	1.931533720198823e-01	7.042443099372850e-02	
1.400000448275862e-09	1.700000084210526e+00	1.864304990663483e-01	6.478805783232730e-02	
1.400000448275862e-09	1.900000094736842e+00	2.146894746258838e-01	6.630892161073357e-02	
1.400000448275862e-09	2.000000100000000e+00	2.176581743392993e-01	7.739505087435992e-02	
1.500000482758621e-09	1.000000000000000e-01	4.864842335580319e-02	1.238763752047850e-02	
1.500000482758621e-09	2.000000052631579e-01	7.612713053293312e-02	5.965049488649358e-03	
1.500000482758621e-09	3.000000105263158e-01	8.013886001489046e-02	1.422442875538058e-02	
1.500000482758621e-09	4.000000157894736e-01	1.025787708875632e-01	1.809216952701168e-02	
1.500000482758621e-09	5.000000210526315e-01	9.820118372741220e-02	1.844478301211226e-02	
1.500000482758621e-09	6.000000263157893e-01	1.110029381462003e-01	2.806874885774236e-02	
1.500000482758621e-09	7.000000315789472e-01	1.485129696040362e-01	5.484702901042515e-02	
1.500000482758621e-09	8.000000368421051e-01	1.875294908630685e-01	6.257626934568887e-02	
1.500000482758621e-09	9.000000421052630e-01	2.312572836285904e-01	6.090322232655403e-02	
1.500000482758621e-09	1.000000047368421e+00	1.887548309758957e-01	1.147448880565826e-01	
1.500000482758621e-09	1.100000052631579e+00	1.125064477636905e-01	1.082064816725173e-01	
1.500000482758621e-09	1.200000057894737e+00	1.131001348242343e-01	8.879509765864081e-02	
1.500000482758621e-09	1.300000063157895e+00	1.139629287863178e-01	6.982127842260089e-02	
1.500000482758621e-09	1.400000068421052e+00	1.223055164187891e-01	7.113344831253893e-02	
1.500000482758621e-09	1.500000073684210e+00	1.435914442701016e-01	5.935588659128918e-02	
1.500000482758621e-09	1.600000078947368e+00	1.608473440887489e-01	7.414121234207711e-02	
1.500000482758621e-09	1.700000084210526e+00	1.874761218709334e-01	6.990517046679130e-02	
1.500000482758621e-09	1.800000089473684e+00	2.020207690262915e-01	7.602222319159334e-02	
1.500000482758621e-09	1.900000094736842e+00	2.095702468437405e-01	7.007728930534067e-02	
1.500000482758621e-09	2.000000100000000e+00	2.015063829329851e-01	5.891891537496793e-02	
1.600000517241379e-09	1.000000000000000e-01	2.849224355582184e-02	1.748243620712615e-02	
1.600000517241379e-09	2.000000052631579e-01	7.279276494144934e-02	1.008330634722143e-02	
1.600000517241379e-09	3.000000105263158e-01	7.615795898254843e-02	7.949659541267662e-03	
1.600000517241379e-09	4.000000157894736e-01	9.723965346919258e-02	1.653802689649832e-02	
1.600000517241379e-09	5.000000210526315e-01	9.980136887552213e-02	2.350495443416137e-02	
1.600000517241379e-09	6.000000263157893e-01	1.305549952151413e-01	2.655342996681995e-02	
1.600000517241379e-09	7.000000315789472e-01	1.483044044998564e-01	4.303901215130772e-02	
1.600000517241379e-09	8.000000368421051e-01	2.037414776805955e-01	7.680387676637156e-02	
1.600000517241379e-09	9.000000421052630e-01	2.151584614218807e-01	8.142224843513303e-02	
1.600000517241379e-09	1.000000047368421e+00	1.860278665827985e-01	1.279180202175077e-01	
1.600000517241379e-09	1.100000052631579e+00	1.209304311394360e-01	1.013417099735226e-01	
1.600000517241379e-09	1.200000057894737e+00	8.686013111486993e-02	8.590093589103422e-02	
1.600000517241379e-09	1.300000063157895e+00	9.786172885029741e-02	6.986820048816812e-02	
1.600000517241379e-09	1.400000068421052e+00	1.101037837555129e-01	6.314762567520119e-02	
1.600000517241379e-09	1.500000073684210e+00	1.607016086495778e-01	5.783172157094556e-02	
1.600000517241379e-09	1.600000078947368e+00	1.579596069949962e-01	6.985304906476907e-02	
1.600000517241379e-09	1.700000084210526e+00	1.748167162774482e-01	7.470909245550589e-02	
1.600000517241379e-09	1.800000089473684e+00	1.821085001986283e-01	6.567763036383902e-02	
1.600000517241379e-09	1.900000094736842e+00	1.977729910464821e-01	8.260817892152966e-02	
1.600000517241379e-09	2.000000100000000e+00	2.284019868066912e-01	5.639001281419648e-02	
1.700000551724138e-09	1.000000000000000e-01	1.670340511156510e-02	1.623263968948909e-02	
1.700000551724138e-09	2.000000052631579e-01	5.697955152299189e-02	1.129818796504817e-02	
1.700000551724138e-09	3.000000105263158e-01	7.662960549893334e-02	1.084500222433555e-02	
1.700000551724138e-09	4.000000157894736e-01	9.714067492531192e-02	1.832367865635520e-02	
1.700000551724138e-09	6.000000263157893e-01	1.064180334832548e-01	2.789085639764062e-02	
1.700000551724138e-09	8.000000368421051e-01	1.874902233473129e-01	6.570280487431941e-02	
1.700000551724138e-09	5.000000210526315e-01	9.735490151378581e-02	3.001566611487472e-02	
1.700000551724138e-09	9.000000421052630e-01	2.232060378474482e-01	8.071396180674058e-02	
1.700000551724138e-09	7.000000315789472e-01	1.545624316213312e-01	4.928224064825006e-02	
1.700000551724138e-09	1.000000047368421e+00	1.695399599824515e-01	1.124570301605553e-01	
1.700000551724138e-09	1.100000052631579e+00	1.196069580557058e-01	9.763146443064109e-02	
1.700000551724138e-09	1.300000063157895e+00	8.661548325887566e-02	6.401429104009970e-02	
1.700000551724138e-09	1.200000057894737e+00	8.894827561325089e-02	7.196725989747087e-02	
1.700000551724138e-09	1.500000073684210e+00	1.290984452148957e-01	6.580671271350805e-02	
1.700000551724138e-09	1.600000078947368e+00	1.615304758088340e-01	7.025312881998998e-02	
1.700000551724138e-09	1.400000068421052e+00	1.160129525724153e-01	6.766359378109224e-02	
1.700000551724138e-09	1.700000084210526e+00	1.649028275148691e-01	6.518184686321345e-02	
1.800000586206896e-09	2.000000052631579e-01	3.290592448788327e-02	1.458913970894718e-02	
1.800000586206896e-09	1.000000000000000e-01	7.361075916439680e-03	7.039106557129259e-03	
1.800000586206896e-09	3.000000105263158e-01	7.175936304591961e-02	1.592468731649510e-02	
1.700000551724138e-09	1.900000094736842e+00	1.996950712998006e-01	7.482075597013721e-02	
1.700000551724138e-09	1.800000089473684e+00	1.827717892153870e-01	6.823095914603118e-02	
1.700000551724138e-09	2.000000100000000e+00	2.121573669516624e-01	7.584951250040656e-02	
1.800000586206896e-09	4.000000157894736e-01	9.334637022918767e-02	1.881549605085122e-02	
1.800000586206896e-09	5.000000210526315e-01	1.031567764699948e-01	1.681360310311593e-02	
1.800000586206896e-09	7.000000315789472e-01	1.324982371563260e-01	4.380850775794856e-02	
1.800000586206896e-09	8.000000368421051e-01	1.854765038446477e-01	6.448982585585852e-02	
1.800000586206896e-09	9.000000421052630e-01	2.089974222745755e-01	7.123287380767448e-02	
1.800000586206896e-09	6.000000263157893e-01	9.550779815260121e-02	3.364967190344920e-02	
1.800000586206896e-09	1.000000047368421e+00	1.970300334516031e-01	9.895266988630616e-02	
1.800000586206896e-09	1.100000052631579e+00	1.227877646277290e-01	9.546042310251529e-02	
1.800000586206896e-09	1.200000057894737e+00	8.716659265183063e-02	9.863319195451208e-02	
1.800000586206896e-09	1.300000063157895e+00	8.418444078790308e-02	7.308833141671674e-02	
1.800000586206896e-09	1.400000068421052e+00	1.113901064276906e-01	8.485617037010774e-02	
1.800000586206896e-09	1.500000073684210e+00	1.482999856536587e-01	7.001288287181293e-02	
1.800000586206896e-09	1.600000078947368e+00	1.684683778526816e-01	6.803751840818915e-02	
1.800000586206896e-09	1.700000084210526e+00	1.640979164891480e-01	7.376461580776271e-02	
1.800000586206896e-09	1.800000089473684e+00	1.786711866150761e-01	7.011399697101330e-02	
1.900000620689655e-09	1.000000000000000e-01	1.404794586229772e-03	2.753911780726774e-03	
1.900000620689655e-09	2.000000052631579e-01	2.023142653475205e-02	1.123522312677477e-02	
1.800000586206896e-09	1.900000094736842e+00	1.952210436330866e-01	8.404542945512702e-02	
1.800000586206896e-09	2.000000100000000e+00	2.105371596145602e-01	7.156215647378507e-02	
1.900000620689655e-09	3.000000105263158e-01	7.086127095978083e-02	1.194150882855031e-02	
1.900000620689655e-09	4.000000157894736e-01	8.242452313245016e-02	1.197213324272212e-02	
1.900000620689655e-09	5.000000210526315e-01	9.669025102285311e-02	2.157539997301385e-02	
1.900000620689655e-09	6.000000263157893e-01	9.954566496548176e-02	2.878249298247419e-02	
1.900000620689655e-09	7.000000315789472e-01	1.251094456571760e-01	4.695982702938076e-02	
1.900000620689655e-09	8.000000368421051e-01	1.692843904019728e-01	7.756658637808372e-02	
1.900000620689655e-09	9.000000421052630e-01	2.039755927013690e-01	6.894274827789450e-02	
1.900000620689655e-09	1.000000047368421e+00	1.570912862590665e-01	1.020629728753009e-01	
1.900000620689655e-09	1.100000052631579e+00	1.325540745411561e-01	9.538098580218497e-02	
1.900000620689655e-09	1.200000057894737e+00	7.719805469298031e-02	8.607358470608953e-02	
1.900000620689655e-09	1.300000063157895e+00	8.482056166342902e-02	7.795514850142277e-02	
1.900000620689655e-09	1.400000068421052e+00	1.202316457265207e-01	6.152555434283725e-02	
1.900000620689655e-09	1.500000073684210e+00	1.407716216219592e-01	7.122052751558670e-02	
1.900000620689655e-09	1.600000078947368e+00	1.562952456716103e-01	8.284359297148823e-02	
1.900000620689655e-09	1.700000084210526e+00	1.872018582463315e-01	6.916786843836878e-02	
1.900000620689655e-09	1.800000089473684e+00	1.860661383257592e-01	7.843028711536411e-02	
1.900000620689655e-09	1.900000094736842e+00	1.842839230084573e-01	6.127480669748106e-02	
1.900000620689655e-09	2.000000100000000e+00	2.172684413627616e-01	7.353013556743664e-02	
2.000000655172414e-09	1.000000000000000e-01	3.022902940512242e-04	7.119582037483527e-04	
2.000000655172414e-09	2.000000052631579e-01	8.409390407820324e-03	9.018271146748720e-03	
2.000000655172414e-09	3.000000105263158e-01	6.585952175373369e-02	1.501479701840122e-02	
2.000000655172414e-09	4.000000157894736e-01	8.677016685091497e-02	1.479518286707938e-02	
2.000000655172414e-09	5.000000210526315e-01	9.132918236529654e-02	2.066167207262515e-02	
2.000000655172414e-09	6.000000263157893e-01	9.559120057194727e-02	2.381842270683878e-02	
2.000000655172414e-09	7.000000315789472e-01	1.080740116937507e-01	4.136497992208692e-02	
2.000000655172414e-09	8.000000368421051e-01	1.691116975390992e-01	6.466817082115157e-02	
2.000000655172414e-09	9.000000421052630e-01	2.136115613343844e-01	7.785699448672563e-02	
2.000000655172414e-09	1.000000047368421e+00	1.920407655292501e-01	1.252287204724553e-01	
2.000000655172414e-09	1.100000052631579e+00	1.305550835520273e-01	1.067284965745945e-01	
2.000000655172414e-09	1.200000057894737e+00	6.370803038954256e-02	8.775483011920744e-02	
2.000000655172414e-09	1.300000063157895e+00	6.950396778006190e-02	6.657736078656727e-02	
2.000000655172414e-09	1.400000068421052e+00	1.088140445133315e-01	5.313463699165676e-02	
2.000000655172414e-09	1.500000073684210e+00	1.279466154741701e-01	5.811068601143489e-02	
2.000000655172414e-09	1.600000078947368e+00	1.459693368756703e-01	7.242337839070433e-02	
2.000000655172414e-09	1.700000084210526e+00	1.644442722588129e-01	8.087322763401096e-02	
2.000000655172414e-09	1.800000089473684e+00	1.886431935406400e-01	7.867069298193440e-02	
2.000000655172414e-09	1.900000094736842e+00	1.882382275308200e-01	7.288363381912212e-02	
2.000000655172414e-09	2.000000100000000e+00	1.865297519977035e-01	6.537884212400992e-02	
2.100000689655173e-09	1.000000000000000e-01	8.626518193150298e-04	1.766971144047575e-03	
2.100000689655173e-09	2.000000052631579e-01	3.964467213720997e-03	7.012888787571608e-03	
2.100000689655173e-09	3.000000105263158e-01	5.116035162417034e-02	1.705715387301826e-02	
2.100000689655173e-09	4.000000157894736e-01	8.377254672428945e-02	1.485392148613783e-02	
2.100000689655173e-09	5.000000210526315e-01	9.083471343878190e-02	2.356419601032902e-02	
2.100000689655173e-09	6.000000263157893e-01	1.042874617602066e-01	2.973160358869911e-02	
2.100000689655173e-09	7.000000315789472e-01	1.168937040177713e-01	2.477961912126382e-02	
2.100000689655173e-09	8.000000368421051e-01	1.620688716164455e-01	5.701144466208786e-02	
2.100000689655173e-09	9.000000421052630e-01	2.076691237940406e-01	8.381309635305677e-02	
2.100000689655173e-09	1.000000047368421e+00	1.924071523712022e-01	1.219465832843036e-01	
2.100000689655173e-09	1.100000052631579e+00	1.412440738652232e-01	1.214064882008430e-01	
2.100000689655173e-09	1.200000057894737e+00	7.942154394019918e-02	1.018973292625372e-01	
2.100000689655173e-09	1.300000063157895e+00	7.495950611923771e-02	7.040147802210153e-02	
2.100000689655173e-09	1.400000068421052e+00	1.231292065130295e-01	6.540821878839301e-02	
2.100000689655173e-09	1.500000073684210e+00	1.262534510067536e-01	6.406362415249514e-02	
2.100000689655173e-09	1.600000078947368e+00	1.358535529792201e-01	6.491052723577855e-02	
2.100000689655173e-09	1.700000084210526e+00	1.766318699526934e-01	7.539789102757662e-02	
2.100000689655173e-09	1.800000089473684e+00	1.682452510037453e-01	7.831647986329708e-02	
2.100000689655173e-09	1.900000094736842e+00	1.738003818554536e-01	6.344337474438513e-02	
2.100000689655173e-09	2.000000100000000e+00	2.062497592663077e-01	6.490447757508290e-02	
2.200000724137931e-09	1.000000000000000e-01	2.651931141108771e-05	1.155949984932164e-04	
2.200000724137931e-09	2.000000052631579e-01	2.610303481366035e-03	5.818169051189630e-03	
2.200000724137931e-09	3.000000105263158e-01	3.096631621200302e-02	1.599909112557263e-02	
2.200000724137931e-09	4.000000157894736e-01	7.779789074246445e-02	2.234936673378025e-02	
2.200000724137931e-09	5.000000210526315e-01	9.051883584154755e-02	2.008873383052907e-02	
2.200000724137931e-09	6.000000263157893e-01	9.568106804491995e-02	3.400070824754298e-02	
2.200000724137931e-09	7.000000315789472e-01	1.321143653519533e-01	4.203201109598789e-02	
2.200000724137931e-09	8.000000368421051e-01	1.674932015376120e-01	6.663266018621379e-02	
2.200000724137931e-09	9.000000421052630e-01	1.826963030002008e-01	6.684534091645375e-02	
2.200000724137931e-09	1.000000047368421e+00	1.657544162498536e-01	1.228385800253147e-01	
2.200000724137931e-09	1.100000052631579e+00	1.261962543853857e-01	1.330094567023379e-01	
2.200000724137931e-09	1.200000057894737e+00	8.522252902683028e-02	8.848613296258123e-02	
2.200000724137931e-09	1.300000063157895e+00	8.152374172041200e-02	7.650712474135121e-02	
2.200000724137931e-09	1.400000068421052e+00	1.118575757858012e-01	6.751492588941928e-02	
2.200000724137931e-09	1.500000073684210e+00	1.498212104203010e-01	6.571402840159628e-02	
2.200000724137931e-09	1.600000078947368e+00	1.540977492120844e-01	7.238397708894427e-02	
2.200000724137931e-09	1.700000084210526e+00	1.596216494845293e-01	8.309031527767304e-02	
2.200000724137931e-09	1.800000089473684e+00	1.601928306252552e-01	7.821240664862474e-02	
2.200000724137931e-09	1.900000094736842e+00	1.854550832916229e-01	7.602020571496441e-02	
2.200000724137931e-09	2.000000100000000e+00	1.946379327289551e-01	6.894790496916231e-02	
2.300000758620690e-09	1.000000000000000e-01	2.623171835549298e-04	7.625250628234290e-04	
2.300000758620690e-09	2.000000052631579e-01	4.892891460990985e-05	1.562601589901721e-04	
2.300000758620690e-09	3.000000105263158e-01	2.501831713490432e-02	1.429473006565655e-02	
2.300000758620690e-09	4.000000157894736e-01	7.680878276190690e-02	1.656310117312874e-02	
2.300000758620690e-09	5.000000210526315e-01	9.014502029657331e-02	1.802888062183439e-02	
2.300000758620690e-09	6.000000263157893e-01	9.743812294614898e-02	2.197977627943912e-02	
2.300000758620690e-09	7.000000315789472e-01	1.208420318566414e-01	4.060959565468069e-02	
2.300000758620690e-09	8.000000368421051e-01	1.385758054877633e-01	5.705735621863482e-02	
2.300000758620690e-09	9.000000421052630e-01	1.743259876616822e-01	6.149050380833629e-02	
2.300000758620690e-09	1.000000047368421e+00	1.773388207722730e-01	1.219220793653300e-01	
2.300000758620690e-09	1.100000052631579e+00	1.290263784671357e-01	1.286982891795675e-01	
2.300000758620690e-09	1.200000057894737e+00	7.973708122847781e-02	7.792989273019188e-02	
2.300000758620690e-09	1.300000063157895e+00	8.715980136997320e-02	8.655014372820932e-02	
2.300000758620690e-09	1.400000068421052e+00	1.025082853422451e-01	5.672583504240897e-02	
2.300000758620690e-09	1.500000073684210e+00	1.321948000084622e-01	6.318184710552308e-02	
2.300000758620690e-09	1.600000078947368e+00	1.294684590246735e-01	5.721991830331294e-02	
2.300000758620690e-09	1.700000084210526e+00	1.550912763224860e-01	6.350484025345483e-02	
2.300000758620690e-09	1.800000089473684e+00	1.777062711445909e-01	8.370978361657860e-02	
2.300000758620690e-09	1.900000094736842e+00	1.978986049391323e-01	6.985286944743432e-02	
2.300000758620690e-09	2.000000100000000e+00	1.855336425461168e-01	6.189333673115139e-02	
2.400000793103448e-09	1.000000000000000e-01	3.096634703221530e-05	1.349791773640372e-04	
2.400000793103448e-09	2.000000052631579e-01	3.253731270165597e-04	8.411023620154847e-04	
2.400000793103448e-09	3.000000105263158e-01	1.949546824325590e-02	1.408423410316333e-02	
2.400000793103448e-09	4.000000157894736e-01	7.009748000317709e-02	1.707415404405873e-02	
2.400000793103448e-09	5.000000210526315e-01	8.712760243056464e-02	2.121590973473272e-02	
2.400000793103448e-09	6.000000263157893e-01	1.110149028082885e-01	2.930788810572098e-02	
2.400000793103448e-09	8.000000368421051e-01	1.408444386913988e-01	5.418609361231581e-02	
2.400000793103448e-09	7.000000315789472e-01	1.161115858004708e-01	4.373664356524758e-02	
2.400000793103448e-09	9.000000421052630e-01	1.732449052592090e-01	6.713388168863721e-02	
2.400000793103448e-09	1.000000047368421e+00	1.581117186719279e-01	1.203787368174915e-01	
2.400000793103448e-09	1.100000052631579e+00	1.405084383882466e-01	1.312441011657446e-01	
2.400000793103448e-09	1.200000057894737e+00	7.070499753314954e-02	1.042972902896484e-01	
2.400000793103448e-09	1.300000063157895e+00	8.822897532006192e-02	8.118204939116686e-02	
2.400000793103448e-09	1.400000068421052e+00	1.023494806329030e-01	6.575281624349784e-02	
2.400000793103448e-09	1.500000073684210e+00	1.449924496017728e-01	6.464999258715201e-02	
2.400000793103448e-09	1.600000078947368e+00	1.476279493348984e-01	7.601706946031354e-02	
2.400000793103448e-09	1.700000084210526e+00	1.518692272397287e-01	7.455054481799685e-02	
2.400000793103448e-09	1.800000089473684e+00	1.690953096910368e-01	7.341842728424798e-02	
2.400000793103448e-09	1.900000094736842e+00	1.851413553327746e-01	5.467483934303221e-02	
2.400000793103448e-09	2.000000100000000e+00	1.970731595235012e-01	7.959401932510703e-02	
2.500000827586207e-09	2.000000052631579e-01	7.477758112777458e-05	2.633679171747441e-04	
2.500000827586207e-09	1.000000000000000e-01	0.000000000000000e+00	0.000000000000000e+00	
2.500000827586207e-09	3.000000105263158e-01	1.353624986466735e-02	1.487270081255305e-02	
2.500000827586207e-09	4.000000157894736e-01	6.901479190228497e-02	1.536721669814737e-02	
2.500000827586207e-09	5.000000210526315e-01	8.878565257385626e-02	1.872847426798945e-02	
2.500000827586207e-09	6.000000263157893e-01	1.091511314872678e-01	2.786623545687908e-02	
2.500000827586207e-09	7.000000315789472e-01	1.262053206384867e-01	3.257166159507322e-02	
2.500000827586207e-09	8.000000368421051e-01	1.392673267243333e-01	6.597945719235186e-02	
2.500000827586207e-09	9.000000421052630e-01	1.734240526183727e-01	6.246936883863866e-02	
2.500000827586207e-09	1.000000047368421e+00	1.738038961169621e-01	1.213642818471783e-01	
2.500000827586207e-09	1.100000052631579e+00	1.286429239855125e-01	1.305885875441383e-01	
2.500000827586207e-09	1.200000057894737e+00	6.705928649337953e-02	8.632183027122038e-02	
2.500000827586207e-09	1.300000063157895e+00	8.062113013352606e-02	1.012875959696774e-01	
2.500000827586207e-09	1.400000068421052e+00	8.975947485583632e-02	8.481159095576324e-02	
2.500000827586207e-09	1.500000073684210e+00	1.049585150688313e-01	5.986340940366697e-02	
2.500000827586207e-09	1.600000078947368e+00	1.442810137185460e-01	6.626734138852945e-02	
2.500000827586207e-09	1.700000084210526e+00	1.556673110508398e-01	8.328028800286139e-02	
2.500000827586207e-09	1.800000089473684e+00	1.684201600016185e-01	6.872531605395409e-02	
2.500000827586207e-09	1.900000094736842e+00	1.813570237979243e-01	7.876560611270267e-02	
2.500000827586207e-09	2.000000100000000e+00	2.099220203341238e-01	8.239513864645416e-02	
2.600000862068965e-09	1.000000000000000e-01	0.000000000000000e+00	0.000000000000000e+00	
2.600000862068965e-09	2.000000052631579e-01	2.227968451532594e-04	5.819050837514597e-04	
2.600000862068965e-09	3.000000105263158e-01	8.553318636087829e-03	1.802758870053724e-02	
2.600000862068965e-09	4.000000157894736e-01	5.848949051993289e-02	1.967905928943854e-02	
2.600000862068965e-09	5.000000210526315e-01	9.014520862371442e-02	1.868538364986144e-02	
2.600000862068965e-09	6.000000263157893e-01	9.774546504490768e-02	2.461824661792912e-02	
2.600000862068965e-09	7.000000315789472e-01	1.080417089156590e-01	4.319319343718617e-02	
2.600000862068965e-09	8.000000368421051e-01	1.253837558016683e-01	4.392405561676115e-02	
2.600000862068965e-09	9.000000421052630e-01	1.666290352310318e-01	6.448535379974284e-02	
2.600000862068965e-09	1.000000047368421e+00	1.618149530116897e-01	1.146483427441373e-01	
2.600000862068965e-09	1.100000052631579e+00	1.259567833672494e-01	1.345331122995135e-01	
2.600000862068965e-09	1.200000057894737e+00	7.669827483140992e-02	1.008898089939458e-01	
2.600000862068965e-09	1.300000063157895e+00	8.971549968084168e-02	9.586322972087391e-02	
2.600000862068965e-09	1.400000068421052e+00	8.808014786319583e-02	6.232544703289974e-02	
2.600000862068965e-09	1.500000073684210e+00	1.337748193874726e-01	6.777250213996031e-02	
2.600000862068965e-09	1.600000078947368e+00	1.312335770586205e-01	7.302800121857919e-02	
2.600000862068965e-09	1.700000084210526e+00	1.669456720872982e-01	6.428916095607008e-02	
2.600000862068965e-09	1.800000089473684e+00	1.637220260753946e-01	6.414967870319742e-02	
2.600000862068965e-09	1.900000094736842e+00	1.775410451422124e-01	6.913551207969497e-02	
2.600000862068965e-09	2.000000100000000e+00	1.697273670691940e-01	7.111381109804699e-02	
2.700000896551724e-09	1.000000000000000e-01	0.000000000000000e+00	0.000000000000000e+00	
2.700000896551724e-09	2.000000052631579e-01	5.155326114850542e-05	2.247154555562968e-04	
2.700000896551724e-09	3.000000105263158e-01	2.077598319737706e-03	7.989124922034522e-03	
2.700000896551724e-09	4.000000157894736e-01	6.156352331896060e-02	1.981094413176348e-02	
2.700000896551724e-09	5.000000210526315e-01	8.804428271141293e-02	1.803409827278696e-02	
2.700000896551724e-09	6.000000263157893e-01	9.624298702825392e-02	2.846041148612266e-02	
2.700000896551724e-09	7.000000315789472e-01	1.111259866666509e-01	4.466014315616058e-02	
2.700000896551724e-09	8.000000368421051e-01	1.198705367197228e-01	5.743410315894316e-02	
2.700000896551724e-09	9.000000421052630e-01	1.690222064632762e-01	6.802146904620306e-02	
2.700000896551724e-09	1.000000047368421e+00	1.582714343973505e-01	1.089128682031899e-01	
2.700000896551724e-09	1.100000052631579e+00	1.297983262942127e-01	1.405129820137852e-01	
2.700000896551724e-09	1.200000057894737e+00	6.317973510945936e-02	8.919574338945006e-02	
2.700000896551724e-09	1.300000063157895e+00	8.382284652937363e-02	1.049730708548247e-01	
2.700000896551724e-09	1.400000068421052e+00	9.190936206764212e-02	7.728681307838105e-02	
2.700000896551724e-09	1.500000073684210e+00	1.120249984192066e-01	6.790370149744371e-02	
2.700000896551724e-09	1.600000078947368e+00	1.338226175043052e-01	7.216570550706031e-02	
2.700000896551724e-09	1.700000084210526e+00	1.356076833422348e-01	6.954672959681930e-02	
2.700000896551724e-09	1.800000089473684e+00	1.684214751708649e-01	5.974709676899698e-02	
2.700000896551724e-09	1.900000094736842e+00	1.728116515255218e-01	6.051588794252573e-02	
2.700000896551724e-09	2.000000100000000e+00	2.084877053818976e-01	6.167028804048394e-02	
2.800000931034482e-09	2.000000052631579e-01	3.150853962945600e-05	1.373425401033452e-04	
2.800000931034482e-09	3.000000105263158e-01	2.652674889757952e-03	7.204662549301652e-03	
2.800000931034482e-09	4.000000157894736e-01	5.440815940610264e-02	1.592410472238287e-02	
2.800000931034482e-09	1.000000000000000e-01	0.000000000000000e+00	0.000000000000000e+00	
2.800000931034482e-09	5.000000210526315e-01	7.765322132949846e-02	2.413437210931519e-02	
2.800000931034482e-09	6.000000263157893e-01	1.030571203388199e-01	1.711961087055463e-02	
2.800000931034482e-09	7.000000315789472e-01	1.078629761589640e-01	3.581737451634797e-02	
2.800000931034482e-09	8.000000368421051e-01	1.206142381996325e-01	4.250381104579676e-02	
2.800000931034482e-09	9.000000421052630e-01	1.671285134633787e-01	7.849870967962487e-02	
2.800000931034482e-09	1.000000047368421e+00	1.704212527372286e-01	1.091327837275405e-01	
2.800000931034482e-09	1.100000052631579e+00	1.281357854636099e-01	1.375630339626079e-01	
2.800000931034482e-09	1.200000057894737e+00	6.581687133155274e-02	9.360895758158369e-02	
2.800000931034482e-09	1.300000063157895e+00	9.091651676315884e-02	9.812506345623015e-02	
2.800000931034482e-09	1.400000068421052e+00	1.019133478872299e-01	9.081726933478226e-02	
2.800000931034482e-09	1.500000073684210e+00	1.102208791285687e-01	7.468422798237240e-02	
2.800000931034482e-09	1.600000078947368e+00	1.334041581628770e-01	6.564893939027985e-02	
2.800000931034482e-09	1.700000084210526e+00	1.400959088975072e-01	6.191640780730554e-02	
2.800000931034482e-09	1.800000089473684e+00	1.678819809999946e-01	5.892001999501412e-02	
2.800000931034482e-09	1.900000094736842e+00	1.863684774538954e-01	4.535409089683212e-02	
2.800000931034482e-09	2.000000100000000e+00	1.960452098374628e-01	6.530809971094198e-02	
2.900000965517241e-09	2.000000052631579e-01	2.486713885457567e-03	1.069810038252055e-02	
2.900000965517241e-09	3.000000105263158e-01	9.532188009520194e-04	3.924591846910413e-03	
2.900000965517241e-09	4.000000157894736e-01	4.350442476416285e-02	1.947517789113586e-02	
2.900000965517241e-09	1.000000000000000e-01	0.000000000000000e+00	0.000000000000000e+00	
2.900000965517241e-09	5.000000210526315e-01	8.827981808964035e-02	1.659622194860223e-02	
2.900000965517241e-09	6.000000263157893e-01	9.701662386672885e-02	2.831698230399481e-02	
2.900000965517241e-09	7.000000315789472e-01	1.079304006961768e-01	3.096160923819241e-02	
2.900000965517241e-09	8.000000368421051e-01	1.386921920207566e-01	5.211427413253295e-02	
2.900000965517241e-09	9.000000421052630e-01	1.662490771658504e-01	7.108272948346192e-02	
2.900000965517241e-09	1.000000047368421e+00	1.441912965323837e-01	1.007902021500109e-01	
2.900000965517241e-09	1.100000052631579e+00	1.208049011885629e-01	1.307609527828539e-01	
2.900000965517241e-09	1.200000057894737e+00	6.558031408873835e-02	8.062644289208970e-02	
2.900000965517241e-09	1.300000063157895e+00	7.823154909565913e-02	8.230110686763482e-02	
2.900000965517241e-09	1.400000068421052e+00	1.002734315667954e-01	8.415003803265379e-02	
2.900000965517241e-09	1.500000073684210e+00	1.257936859940839e-01	8.119985176150304e-02	
2.900000965517241e-09	1.600000078947368e+00	1.105672635008182e-01	7.234670390513305e-02	
2.900000965517241e-09	1.700000084210526e+00	1.448980768062333e-01	6.580242224332319e-02	
2.900000965517241e-09	1.800000089473684e+00	1.418210216482598e-01	6.566718920909205e-02	
2.900000965517241e-09	1.900000094736842e+00	1.900951246667521e-01	5.970530115815342e-02	
2.900000965517241e-09	2.000000100000000e+00	1.867724353546522e-01	4.600512225636841e-02	
3.000001000000000e-09	2.000000052631579e-01	0.000000000000000e+00	0.000000000000000e+00	
3.000001000000000e-09	3.000000105263158e-01	1.264765188642522e-04	5.512983644600909e-04	
3.000001000000000e-09	4.000000157894736e-01	3.628103901474249e-02	2.116778502643002e-02	
3.000001000000000e-09	1.000000000000000e-01	0.000000000000000e+00	0.000000000000000e+00	
3.000001000000000e-09	5.000000210526315e-01	8.035778862080718e-02	1.501106848505507e-02	
3.000001000000000e-09	6.000000263157893e-01	9.333920465817172e-02	2.567242846858534e-02	
3.000001000000000e-09	7.000000315789472e-01	1.087808439384385e-01	2.951010709472714e-02	
3.000001000000000e-09	8.000000368421051e-01	1.259702784818392e-01	3.994430251474645e-02	
3.000001000000000e-09	9.000000421052630e-01	1.515247847623202e-01	6.338978587499737e-02	
3.000001000000000e-09	1.000000047368421e+00	1.576789778963059e-01	1.098611497552504e-01	
3.000001000000000e-09	1.100000052631579e+00	1.171950395210896e-01	1.328114384148237e-01	
3.000001000000000e-09	1.200000057894737e+00	6.746888074415036e-02	1.036152536616479e-01	
3.000001000000000e-09	1.300000063157895e+00	8.084941837362483e-02	9.368890186824143e-02	
3.000001000000000e-09	1.400000068421052e+00	9.024550947738220e-02	6.933979808858390e-02	
3.000001000000000e-09	1.500000073684210e+00	1.236981340172541e-01	7.448615003189020e-02	
3.000001000000000e-09	1.600000078947368e+00	1.384600626050715e-01	6.784609837919298e-02	
3.000001000000000e-09	1.700000084210526e+00	1.385321221176528e-01	6.402640618705463e-02	
3.000001000000000e-09	1.800000089473684e+00	1.580813975954001e-01	5.393128171569502e-02	
3.000001000000000e-09	1.900000094736842e+00	1.802480675003757e-01	5.445955165958587e-02	
3.000001000000000e-09	2.000000100000000e+00	1.906375019670160e-01	8.097420848922370e-02	
