1.000000000000000e-10	6.000000263157893e-01	6.531947449556534e-02	5.542592343305557e-02	
1.000000000000000e-10	2.000000052631579e-01	0.000000000000000e+00	0.000000000000000e+00	
1.000000000000000e-10	1.000000000000000e-01	0.000000000000000e+00	0.000000000000000e+00	
1.000000000000000e-10	4.000000157894736e-01	0.000000000000000e+00	0.000000000000000e+00	
1.000000000000000e-10	5.000000210526315e-01	0.000000000000000e+00	0.000000000000000e+00	
1.000000000000000e-10	3.000000105263158e-01	0.000000000000000e+00	0.000000000000000e+00	
1.000000000000000e-10	7.000000315789472e-01	1.366328794384384e-01	7.253376119671025e-02	
1.000000000000000e-10	1.000000047368421e+00	2.233830135854940e-01	4.435556522529986e-02	
1.000000000000000e-10	1.100000052631579e+00	2.328805633999919e-01	5.622312645938669e-02	
1.000000000000000e-10	8.000000368421051e-01	1.841662382565039e-01	5.094008865231845e-02	
1.000000000000000e-10	9.000000421052630e-01	2.461841154767899e-01	3.831016600387470e-02	
1.000000000000000e-10	1.200000057894737e+00	2.845513549486062e-01	5.630631512050854e-02	
1.000000000000000e-10	1.300000063157895e+00	3.141992417522674e-01	6.086162458516849e-02	
1.000000000000000e-10	1.400000068421052e+00	3.270160312675439e-01	7.170427678686668e-02	
1.000000000000000e-10	1.700000084210526e+00	3.181773814047513e-01	6.349161601521008e-02	
1.000000000000000e-10	1.600000078947368e+00	3.055865323879444e-01	6.541004384340562e-02	
1.000000000000000e-10	1.800000089473684e+00	2.996611693972174e-01	5.193694024452961e-02	
1.000000000000000e-10	1.900000094736842e+00	2.771891829540385e-01	6.677759404842210e-02	
1.000000000000000e-10	1.500000073684210e+00	3.352391803951220e-01	6.582526827559021e-02	
1.000000000000000e-10	2.000000100000000e+00	2.548522824682412e-01	6.264124856801244e-02	
2.000000344827586e-10	1.000000000000000e-01	0.000000000000000e+00	0.000000000000000e+00	
2.000000344827586e-10	2.000000052631579e-01	0.000000000000000e+00	0.000000000000000e+00	
2.000000344827586e-10	3.000000105263158e-01	0.000000000000000e+00	0.000000000000000e+00	
2.000000344827586e-10	4.000000157894736e-01	0.000000000000000e+00	0.000000000000000e+00	
2.000000344827586e-10	5.000000210526315e-01	0.000000000000000e+00	0.000000000000000e+00	
2.000000344827586e-10	6.000000263157893e-01	0.000000000000000e+00	0.000000000000000e+00	
2.000000344827586e-10	1.000000047368421e+00	4.072209873361713e-01	1.528295184687569e-01	
2.000000344827586e-10	1.100000052631579e+00	4.407194557630268e-01	8.917868832055870e-02	
2.000000344827586e-10	9.000000421052630e-01	2.760563252421836e-01	8.024932550148364e-02	
2.000000344827586e-10	7.000000315789472e-01	1.205416931346716e-01	6.297127107493072e-02	
2.000000344827586e-10	8.000000368421051e-01	2.444686384768619e-01	1.016613661782997e-01	
2.000000344827586e-10	1.200000057894737e+00	4.325124885313347e-01	5.997414364224679e-02	
2.000000344827586e-10	1.300000063157895e+00	4.346765328390466e-01	6.175062264017919e-02	
2.000000344827586e-10	1.400000068421052e+00	4.198388518662465e-01	6.392940778444441e-02	
2.000000344827586e-10	1.500000073684210e+00	4.337537173983815e-01	5.667902557012753e-02	
2.000000344827586e-10	1.600000078947368e+00	4.139985393792452e-01	5.910267896452027e-02	
2.000000344827586e-10	1.700000084210526e+00	3.931229922799727e-01	6.635256078853555e-02	
2.000000344827586e-10	1.800000089473684e+00	3.813572535209170e-01	8.120429732111910e-02	
2.000000344827586e-10	1.900000094736842e+00	3.597191902165689e-01	5.376361815821620e-02	
2.000000344827586e-10	2.000000100000000e+00	3.494833160241743e-01	6.447806468581176e-02	
3.000000689655172e-10	1.000000000000000e-01	0.000000000000000e+00	0.000000000000000e+00	
3.000000689655172e-10	2.000000052631579e-01	0.000000000000000e+00	0.000000000000000e+00	
3.000000689655172e-10	3.000000105263158e-01	0.000000000000000e+00	0.000000000000000e+00	
3.000000689655172e-10	4.000000157894736e-01	0.000000000000000e+00	0.000000000000000e+00	
3.000000689655172e-10	5.000000210526315e-01	0.000000000000000e+00	0.000000000000000e+00	
3.000000689655172e-10	6.000000263157893e-01	0.000000000000000e+00	0.000000000000000e+00	
3.000000689655172e-10	7.000000315789472e-01	1.906678141461414e-01	6.882807003559459e-02	
3.000000689655172e-10	1.000000047368421e+00	2.591543345295261e-01	9.675172499605333e-02	
3.000000689655172e-10	1.100000052631579e+00	3.456010676208939e-01	1.152729022820181e-01	
3.000000689655172e-10	8.000000368421051e-01	2.741360882746025e-01	1.031394801881140e-01	
3.000000689655172e-10	9.000000421052630e-01	2.452787608039542e-01	9.199295987700359e-02	
3.000000689655172e-10	1.200000057894737e+00	5.313747409508591e-01	1.227205524562775e-01	
3.000000689655172e-10	1.400000068421052e+00	5.469215656171313e-01	8.860772086593595e-02	
3.000000689655172e-10	1.300000063157895e+00	5.397982533620609e-01	1.006294500460721e-01	
3.000000689655172e-10	1.500000073684210e+00	5.354720101400160e-01	8.187827172236171e-02	
3.000000689655172e-10	1.600000078947368e+00	5.046583474069603e-01	1.074350537300992e-01	
3.000000689655172e-10	1.700000084210526e+00	4.490106857965078e-01	7.780656698792685e-02	
3.000000689655172e-10	1.800000089473684e+00	4.304553827748380e-01	8.915648109793896e-02	
3.000000689655172e-10	1.900000094736842e+00	4.231070797354858e-01	8.363600342055670e-02	
3.000000689655172e-10	2.000000100000000e+00	3.777243458150771e-01	1.271246987973285e-01	
4.000001034482759e-10	1.000000000000000e-01	0.000000000000000e+00	0.000000000000000e+00	
4.000001034482759e-10	2.000000052631579e-01	0.000000000000000e+00	0.000000000000000e+00	
4.000001034482759e-10	3.000000105263158e-01	0.000000000000000e+00	0.000000000000000e+00	
4.000001034482759e-10	4.000000157894736e-01	0.000000000000000e+00	0.000000000000000e+00	
4.000001034482759e-10	5.000000210526315e-01	0.000000000000000e+00	0.000000000000000e+00	
4.000001034482759e-10	6.000000263157893e-01	0.000000000000000e+00	0.000000000000000e+00	
4.000001034482759e-10	8.000000368421051e-01	3.071094076046249e-01	9.013873110833878e-02	
4.000001034482759e-10	1.000000047368421e+00	1.488468804989529e-01	7.715501054240753e-02	
4.000001034482759e-10	9.000000421052630e-01	2.497372946783876e-01	1.243969659167572e-01	
4.000001034482759e-10	7.000000315789472e-01	2.115474326709511e-01	3.385517484281535e-02	
4.000001034482759e-10	1.100000052631579e+00	2.640290931750016e-01	6.503992608744527e-02	
4.000001034482759e-10	1.200000057894737e+00	3.245131922568610e-01	8.068466763534199e-02	
4.000001034482759e-10	1.300000063157895e+00	3.979098395874027e-01	1.054535010927004e-01	
4.000001034482759e-10	1.500000073684210e+00	5.126334557191464e-01	1.289749482185478e-01	
4.000001034482759e-10	1.400000068421052e+00	4.648210171976895e-01	1.077088317287205e-01	
4.000001034482759e-10	1.600000078947368e+00	5.429236510488068e-01	1.230850715777777e-01	
4.000001034482759e-10	1.700000084210526e+00	5.163349992990058e-01	1.195912965635393e-01	
4.000001034482759e-10	1.800000089473684e+00	5.239079115486450e-01	1.254798103255623e-01	
4.000001034482759e-10	1.900000094736842e+00	4.375709203400436e-01	1.310404223601306e-01	
4.000001034482759e-10	2.000000100000000e+00	4.246826287987838e-01	1.588661883315042e-01	
5.000001379310345e-10	1.000000000000000e-01	0.000000000000000e+00	0.000000000000000e+00	
5.000001379310345e-10	2.000000052631579e-01	0.000000000000000e+00	0.000000000000000e+00	
5.000001379310345e-10	3.000000105263158e-01	0.000000000000000e+00	0.000000000000000e+00	
5.000001379310345e-10	4.000000157894736e-01	0.000000000000000e+00	0.000000000000000e+00	
5.000001379310345e-10	5.000000210526315e-01	0.000000000000000e+00	0.000000000000000e+00	
5.000001379310345e-10	6.000000263157893e-01	0.000000000000000e+00	0.000000000000000e+00	
5.000001379310345e-10	9.000000421052630e-01	2.600929097842559e-01	1.171705350532732e-01	
5.000001379310345e-10	8.000000368421051e-01	2.747151508599451e-01	8.250218280871165e-02	
5.000001379310345e-10	7.000000315789472e-01	2.108058679847985e-01	7.589240065835813e-02	
5.000001379310345e-10	1.000000047368421e+00	1.441916444445011e-01	1.129148613901408e-01	
5.000001379310345e-10	1.100000052631579e+00	1.666843851883985e-01	7.446750368172107e-02	
5.000001379310345e-10	1.200000057894737e+00	2.699066901475621e-01	7.041203138727833e-02	
5.000001379310345e-10	1.300000063157895e+00	2.895311569394077e-01	5.842003865199685e-02	
5.000001379310345e-10	1.400000068421052e+00	3.230550840632265e-01	7.188536067096933e-02	
5.000001379310345e-10	1.500000073684210e+00	3.608317214836302e-01	8.692670772792314e-02	
5.000001379310345e-10	1.600000078947368e+00	3.864650398176724e-01	1.112785199131638e-01	
5.000001379310345e-10	1.700000084210526e+00	4.085041409328800e-01	1.087993580343128e-01	
5.000001379310345e-10	1.800000089473684e+00	3.953832128330232e-01	1.099988502594942e-01	
5.000001379310345e-10	1.900000094736842e+00	3.852314700490900e-01	1.096138555569027e-01	
5.000001379310345e-10	2.000000100000000e+00	3.849336127259469e-01	1.347615263307854e-01	
6.000001724137931e-10	1.000000000000000e-01	0.000000000000000e+00	0.000000000000000e+00	
6.000001724137931e-10	2.000000052631579e-01	0.000000000000000e+00	0.000000000000000e+00	
6.000001724137931e-10	3.000000105263158e-01	0.000000000000000e+00	0.000000000000000e+00	
6.000001724137931e-10	4.000000157894736e-01	0.000000000000000e+00	0.000000000000000e+00	
6.000001724137931e-10	5.000000210526315e-01	0.000000000000000e+00	0.000000000000000e+00	
6.000001724137931e-10	6.000000263157893e-01	0.000000000000000e+00	0.000000000000000e+00	
6.000001724137931e-10	9.000000421052630e-01	3.208403123003262e-01	9.140724327282958e-02	
6.000001724137931e-10	8.000000368421051e-01	3.446124505782550e-01	9.544043452316903e-02	
6.000001724137931e-10	7.000000315789472e-01	2.004128927867736e-01	7.890905646095772e-02	
6.000001724137931e-10	1.000000047368421e+00	1.599284268942095e-01	1.066616202126084e-01	
6.000001724137931e-10	1.100000052631579e+00	1.122587396096248e-01	8.386427587578886e-02	
6.000001724137931e-10	1.200000057894737e+00	2.149692237322588e-01	7.080462045499138e-02	
6.000001724137931e-10	1.300000063157895e+00	2.817985877183778e-01	6.356568042956540e-02	
6.000001724137931e-10	1.400000068421052e+00	3.056036565907893e-01	5.994291105876778e-02	
6.000001724137931e-10	1.500000073684210e+00	3.176791336955878e-01	8.706072722461834e-02	
6.000001724137931e-10	1.600000078947368e+00	2.942439230741973e-01	8.459160620667602e-02	
6.000001724137931e-10	1.700000084210526e+00	3.060419009317653e-01	9.721100805546083e-02	
6.000001724137931e-10	1.800000089473684e+00	3.052223883058923e-01	1.023780067317694e-01	
6.000001724137931e-10	1.900000094736842e+00	2.996168019232202e-01	9.955402567323327e-02	
6.000001724137931e-10	2.000000100000000e+00	2.940170046224727e-01	1.267790220119641e-01	
7.000002068965517e-10	1.000000000000000e-01	0.000000000000000e+00	0.000000000000000e+00	
7.000002068965517e-10	2.000000052631579e-01	0.000000000000000e+00	0.000000000000000e+00	
7.000002068965517e-10	3.000000105263158e-01	0.000000000000000e+00	0.000000000000000e+00	
7.000002068965517e-10	4.000000157894736e-01	0.000000000000000e+00	0.000000000000000e+00	
7.000002068965517e-10	5.000000210526315e-01	0.000000000000000e+00	0.000000000000000e+00	
7.000002068965517e-10	6.000000263157893e-01	0.000000000000000e+00	0.000000000000000e+00	
7.000002068965517e-10	8.000000368421051e-01	3.416866847599188e-01	7.215874191683654e-02	
7.000002068965517e-10	9.000000421052630e-01	3.378103597607175e-01	8.966867680001207e-02	
7.000002068965517e-10	1.000000047368421e+00	2.118229791293992e-01	1.210964171734417e-01	
7.000002068965517e-10	7.000000315789472e-01	2.080960156064424e-01	8.377834124668816e-02	
7.000002068965517e-10	1.100000052631579e+00	1.284671171444684e-01	9.675062078878720e-02	
7.000002068965517e-10	1.200000057894737e+00	1.832415510346452e-01	8.475538394541571e-02	
7.000002068965517e-10	1.300000063157895e+00	2.430188448604320e-01	6.237834755356286e-02	
7.000002068965517e-10	1.400000068421052e+00	2.737395546160761e-01	7.464722304274075e-02	
7.000002068965517e-10	1.500000073684210e+00	2.907432140504111e-01	5.737170804632351e-02	
7.000002068965517e-10	1.600000078947368e+00	2.847499616526625e-01	7.783461292736552e-02	
7.000002068965517e-10	1.700000084210526e+00	2.662511884674397e-01	6.491123204570827e-02	
7.000002068965517e-10	1.800000089473684e+00	2.618366613009104e-01	9.672149288061666e-02	
7.000002068965517e-10	1.900000094736842e+00	2.599707724697413e-01	9.177508686046419e-02	
7.000002068965517e-10	2.000000100000000e+00	2.454212765189283e-01	1.308296687077448e-01	
8.000002413793102e-10	1.000000000000000e-01	0.000000000000000e+00	0.000000000000000e+00	
8.000002413793102e-10	2.000000052631579e-01	0.000000000000000e+00	0.000000000000000e+00	
8.000002413793102e-10	3.000000105263158e-01	0.000000000000000e+00	0.000000000000000e+00	
8.000002413793102e-10	4.000000157894736e-01	0.000000000000000e+00	0.000000000000000e+00	
8.000002413793102e-10	5.000000210526315e-01	0.000000000000000e+00	0.000000000000000e+00	
8.000002413793102e-10	6.000000263157893e-01	0.000000000000000e+00	0.000000000000000e+00	
8.000002413793102e-10	1.000000047368421e+00	2.429680466765317e-01	9.803480680327935e-02	
8.000002413793102e-10	9.000000421052630e-01	3.456227091184220e-01	7.300437265188614e-02	
8.000002413793102e-10	8.000000368421051e-01	3.377355022184397e-01	7.389584412704860e-02	
8.000002413793102e-10	7.000000315789472e-01	1.927746553045481e-01	8.038900854327301e-02	
8.000002413793102e-10	1.100000052631579e+00	1.258511743137102e-01	9.434839311111608e-02	
8.000002413793102e-10	1.200000057894737e+00	1.492316194913025e-01	6.978654320216560e-02	
8.000002413793102e-10	1.300000063157895e+00	2.305043023088414e-01	5.855778948556697e-02	
8.000002413793102e-10	1.500000073684210e+00	2.725386819513810e-01	7.849396912782412e-02	
8.000002413793102e-10	1.400000068421052e+00	2.708957858885166e-01	8.153418548774523e-02	
8.000002413793102e-10	1.600000078947368e+00	2.790181523789429e-01	6.541906142692679e-02	
8.000002413793102e-10	1.700000084210526e+00	2.652220494441727e-01	6.859298496773161e-02	
8.000002413793102e-10	1.800000089473684e+00	2.565107601840522e-01	8.718705995739617e-02	
8.000002413793102e-10	1.900000094736842e+00	2.415654786696761e-01	1.227279955048119e-01	
8.000002413793102e-10	2.000000100000000e+00	2.303249378773644e-01	9.612363150257407e-02	
9.000002758620689e-10	1.000000000000000e-01	0.000000000000000e+00	0.000000000000000e+00	
9.000002758620689e-10	2.000000052631579e-01	0.000000000000000e+00	0.000000000000000e+00	
9.000002758620689e-10	3.000000105263158e-01	0.000000000000000e+00	0.000000000000000e+00	
9.000002758620689e-10	4.000000157894736e-01	0.000000000000000e+00	0.000000000000000e+00	
9.000002758620689e-10	5.000000210526315e-01	0.000000000000000e+00	0.000000000000000e+00	
9.000002758620689e-10	6.000000263157893e-01	0.000000000000000e+00	0.000000000000000e+00	
9.000002758620689e-10	9.000000421052630e-01	3.463896436345249e-01	7.488893522089590e-02	
9.000002758620689e-10	1.000000047368421e+00	2.683125755941489e-01	1.048134031498548e-01	
9.000002758620689e-10	8.000000368421051e-01	3.210054027666989e-01	7.976222245256617e-02	
9.000002758620689e-10	7.000000315789472e-01	1.289457194718878e-01	1.150934527608119e-01	
9.000002758620689e-10	1.100000052631579e+00	1.278412439377203e-01	8.954053112417718e-02	
9.000002758620689e-10	1.200000057894737e+00	1.525872838294651e-01	6.839583674030213e-02	
9.000002758620689e-10	1.300000063157895e+00	2.178293921273252e-01	6.768558847933764e-02	
9.000002758620689e-10	1.400000068421052e+00	2.624399736063572e-01	6.356904838450822e-02	
9.000002758620689e-10	1.500000073684210e+00	2.675879002992992e-01	7.186440517448285e-02	
9.000002758620689e-10	1.600000078947368e+00	2.687739463147424e-01	7.012442141132193e-02	
9.000002758620689e-10	1.700000084210526e+00	2.575819976574670e-01	8.995931583842427e-02	
9.000002758620689e-10	1.800000089473684e+00	2.391992280922976e-01	1.097487722810919e-01	
9.000002758620689e-10	1.900000094736842e+00	2.180536162540195e-01	1.064463842541231e-01	
9.000002758620689e-10	2.000000100000000e+00	2.193216432891150e-01	1.237375818308411e-01	
1.000000310344828e-09	1.000000000000000e-01	0.000000000000000e+00	0.000000000000000e+00	
1.000000310344828e-09	2.000000052631579e-01	0.000000000000000e+00	0.000000000000000e+00	
1.000000310344828e-09	3.000000105263158e-01	0.000000000000000e+00	0.000000000000000e+00	
1.000000310344828e-09	4.000000157894736e-01	0.000000000000000e+00	0.000000000000000e+00	
1.000000310344828e-09	5.000000210526315e-01	0.000000000000000e+00	0.000000000000000e+00	
1.000000310344828e-09	6.000000263157893e-01	0.000000000000000e+00	0.000000000000000e+00	
1.000000310344828e-09	9.000000421052630e-01	3.450947096017501e-01	7.261829885736923e-02	
1.000000310344828e-09	8.000000368421051e-01	3.146431353549074e-01	6.109380205724027e-02	
1.000000310344828e-09	1.000000047368421e+00	2.817818272638601e-01	7.215501834200526e-02	
1.000000310344828e-09	7.000000315789472e-01	1.064935716235557e-01	1.148076809012130e-01	
1.000000310344828e-09	1.100000052631579e+00	1.711950260245886e-01	8.742429952000010e-02	
1.000000310344828e-09	1.200000057894737e+00	1.563313392603414e-01	8.864975838615739e-02	
1.000000310344828e-09	1.300000063157895e+00	1.955263798847098e-01	8.025095172083636e-02	
1.000000310344828e-09	1.500000073684210e+00	2.631243121749681e-01	7.798125917281259e-02	
1.000000310344828e-09	1.400000068421052e+00	2.386711469662655e-01	7.026462290741180e-02	
1.000000310344828e-09	1.600000078947368e+00	2.482528806104856e-01	5.951677172056841e-02	
1.000000310344828e-09	1.700000084210526e+00	2.520610054239850e-01	7.055699177524911e-02	
1.000000310344828e-09	1.800000089473684e+00	2.513780361109314e-01	8.394508502085540e-02	
1.000000310344828e-09	1.900000094736842e+00	2.129276147637232e-01	9.231038332292964e-02	
1.000000310344828e-09	2.000000100000000e+00	2.142423638299979e-01	8.836727145719121e-02	
1.100000344827586e-09	1.000000000000000e-01	0.000000000000000e+00	0.000000000000000e+00	
1.100000344827586e-09	2.000000052631579e-01	0.000000000000000e+00	0.000000000000000e+00	
1.100000344827586e-09	3.000000105263158e-01	0.000000000000000e+00	0.000000000000000e+00	
1.100000344827586e-09	4.000000157894736e-01	0.000000000000000e+00	0.000000000000000e+00	
1.100000344827586e-09	5.000000210526315e-01	0.000000000000000e+00	0.000000000000000e+00	
1.100000344827586e-09	6.000000263157893e-01	0.000000000000000e+00	0.000000000000000e+00	
1.100000344827586e-09	9.000000421052630e-01	3.381496234978275e-01	8.293330448792668e-02	
1.100000344827586e-09	1.000000047368421e+00	3.346043639248691e-01	6.176299370787241e-02	
1.100000344827586e-09	7.000000315789472e-01	8.431355123451827e-02	1.139292328863176e-01	
1.100000344827586e-09	1.100000052631579e+00	1.877684478884592e-01	1.075662749704625e-01	
1.100000344827586e-09	8.000000368421051e-01	3.241892037541697e-01	6.877941139085397e-02	
1.100000344827586e-09	1.200000057894737e+00	1.216762280907936e-01	8.129962055444334e-02	
1.100000344827586e-09	1.300000063157895e+00	1.485508268032165e-01	7.941787944890299e-02	
1.100000344827586e-09	1.400000068421052e+00	2.186189032604156e-01	5.507686054740216e-02	
1.100000344827586e-09	1.500000073684210e+00	2.364195786302149e-01	7.851274422783759e-02	
1.100000344827586e-09	1.600000078947368e+00	2.610542015922119e-01	8.024354058302152e-02	
1.100000344827586e-09	1.700000084210526e+00	2.347937997923526e-01	7.391216393086979e-02	
1.100000344827586e-09	1.800000089473684e+00	2.172211660040730e-01	1.140476342680993e-01	
1.100000344827586e-09	1.900000094736842e+00	2.257059637090803e-01	8.549754278121086e-02	
1.100000344827586e-09	2.000000100000000e+00	2.002376723055516e-01	1.189057047827012e-01	
1.200000379310345e-09	1.000000000000000e-01	0.000000000000000e+00	0.000000000000000e+00	
1.200000379310345e-09	2.000000052631579e-01	0.000000000000000e+00	0.000000000000000e+00	
1.200000379310345e-09	3.000000105263158e-01	0.000000000000000e+00	0.000000000000000e+00	
1.200000379310345e-09	4.000000157894736e-01	0.000000000000000e+00	0.000000000000000e+00	
1.200000379310345e-09	5.000000210526315e-01	0.000000000000000e+00	0.000000000000000e+00	
1.200000379310345e-09	6.000000263157893e-01	0.000000000000000e+00	0.000000000000000e+00	
1.200000379310345e-09	9.000000421052630e-01	3.268505994546560e-01	6.434713817043980e-02	
1.200000379310345e-09	1.100000052631579e+00	2.048075251559699e-01	9.397137166512735e-02	
1.200000379310345e-09	1.000000047368421e+00	3.040391528212602e-01	6.949140849291378e-02	
1.200000379310345e-09	8.000000368421051e-01	2.949330430181553e-01	8.417694083473543e-02	
1.200000379310345e-09	7.000000315789472e-01	6.092557577664416e-02	9.107253018464186e-02	
1.200000379310345e-09	1.200000057894737e+00	1.536141942892037e-01	1.002883513980319e-01	
1.200000379310345e-09	1.300000063157895e+00	1.424142441628460e-01	6.843291010318994e-02	
1.200000379310345e-09	1.400000068421052e+00	2.060477581089501e-01	6.202902748049049e-02	
1.200000379310345e-09	1.500000073684210e+00	2.447167883300055e-01	7.468791311966404e-02	
1.200000379310345e-09	1.600000078947368e+00	2.574212789787377e-01	1.186802871735682e-01	
1.200000379310345e-09	1.700000084210526e+00	2.571859281558778e-01	9.622071215155932e-02	
1.200000379310345e-09	1.800000089473684e+00	2.013866156997829e-01	8.734524463415320e-02	
1.200000379310345e-09	1.900000094736842e+00	2.286356422762736e-01	8.702070307162080e-02	
1.200000379310345e-09	2.000000100000000e+00	2.190782492607644e-01	1.157002781587314e-01	
1.300000413793104e-09	1.000000000000000e-01	0.000000000000000e+00	0.000000000000000e+00	
1.300000413793104e-09	2.000000052631579e-01	0.000000000000000e+00	0.000000000000000e+00	
1.300000413793104e-09	3.000000105263158e-01	0.000000000000000e+00	0.000000000000000e+00	
1.300000413793104e-09	4.000000157894736e-01	0.000000000000000e+00	0.000000000000000e+00	
1.300000413793104e-09	5.000000210526315e-01	0.000000000000000e+00	0.000000000000000e+00	
1.300000413793104e-09	6.000000263157893e-01	0.000000000000000e+00	0.000000000000000e+00	
1.300000413793104e-09	9.000000421052630e-01	3.436139316980156e-01	4.949570978749471e-02	
1.300000413793104e-09	1.000000047368421e+00	3.477920306988294e-01	5.071039100396054e-02	
1.300000413793104e-09	7.000000315789472e-01	2.137345280161320e-02	6.423899218939572e-02	
1.300000413793104e-09	8.000000368421051e-01	3.160339602003727e-01	8.301975870923375e-02	
1.300000413793104e-09	1.100000052631579e+00	2.485112815534219e-01	7.760364365363705e-02	
1.300000413793104e-09	1.200000057894737e+00	1.416493572741828e-01	9.805655623946183e-02	
1.300000413793104e-09	1.300000063157895e+00	1.486231925471301e-01	8.017865251564149e-02	
1.300000413793104e-09	1.500000073684210e+00	2.292910376072865e-01	7.629175699392646e-02	
1.300000413793104e-09	1.400000068421052e+00	2.007271768002844e-01	6.976432256041833e-02	
1.300000413793104e-09	1.600000078947368e+00	2.468161132389566e-01	9.098405569693613e-02	
1.300000413793104e-09	1.700000084210526e+00	2.220496323646025e-01	9.516779164881896e-02	
1.300000413793104e-09	1.800000089473684e+00	2.220000854887043e-01	8.069853889895696e-02	
1.300000413793104e-09	1.900000094736842e+00	2.413242600208159e-01	1.057257222029769e-01	
1.300000413793104e-09	2.000000100000000e+00	1.890262538737418e-01	1.198377716735867e-01	
1.400000448275862e-09	1.000000000000000e-01	0.000000000000000e+00	0.000000000000000e+00	
1.400000448275862e-09	2.000000052631579e-01	0.000000000000000e+00	0.000000000000000e+00	
1.400000448275862e-09	3.000000105263158e-01	0.000000000000000e+00	0.000000000000000e+00	
1.400000448275862e-09	4.000000157894736e-01	0.000000000000000e+00	0.000000000000000e+00	
1.400000448275862e-09	5.000000210526315e-01	0.000000000000000e+00	0.000000000000000e+00	
1.400000448275862e-09	6.000000263157893e-01	0.000000000000000e+00	0.000000000000000e+00	
1.400000448275862e-09	9.000000421052630e-01	3.369181326679405e-01	6.058326953940963e-02	
1.400000448275862e-09	1.000000047368421e+00	3.369250228027464e-01	6.036500024937960e-02	
1.400000448275862e-09	7.000000315789472e-01	4.789594998988383e-02	8.554318649675142e-02	
1.400000448275862e-09	8.000000368421051e-01	3.236400758956519e-01	1.096452923571872e-01	
1.400000448275862e-09	1.100000052631579e+00	2.679143508898666e-01	7.250594664363061e-02	
1.400000448275862e-09	1.200000057894737e+00	1.595107936698173e-01	7.772401979271648e-02	
1.400000448275862e-09	1.300000063157895e+00	1.168415313740134e-01	8.309607178346924e-02	
1.400000448275862e-09	1.400000068421052e+00	1.714112488618113e-01	6.274312994331266e-02	
1.400000448275862e-09	1.500000073684210e+00	2.088310135817668e-01	8.667487501184991e-02	
1.400000448275862e-09	1.600000078947368e+00	2.332465327957006e-01	8.590365247791044e-02	
1.400000448275862e-09	1.700000084210526e+00	2.076573637529065e-01	1.094088290345151e-01	
1.400000448275862e-09	1.800000089473684e+00	2.389026639291713e-01	1.054092258871765e-01	
1.400000448275862e-09	1.900000094736842e+00	2.304555692936296e-01	1.017899177728775e-01	
1.400000448275862e-09	2.000000100000000e+00	2.123217493276877e-01	9.949322793864050e-02	
1.500000482758621e-09	1.000000000000000e-01	0.000000000000000e+00	0.000000000000000e+00	
1.500000482758621e-09	2.000000052631579e-01	0.000000000000000e+00	0.000000000000000e+00	
1.500000482758621e-09	3.000000105263158e-01	0.000000000000000e+00	0.000000000000000e+00	
1.500000482758621e-09	4.000000157894736e-01	0.000000000000000e+00	0.000000000000000e+00	
1.500000482758621e-09	5.000000210526315e-01	0.000000000000000e+00	0.000000000000000e+00	
1.500000482758621e-09	6.000000263157893e-01	0.000000000000000e+00	0.000000000000000e+00	
1.500000482758621e-09	9.000000421052630e-01	3.201176285395583e-01	5.701900538026478e-02	
1.500000482758621e-09	1.000000047368421e+00	3.308539703275042e-01	5.954710239995406e-02	
1.500000482758621e-09	7.000000315789472e-01	5.883317014700133e-03	2.523867717694449e-02	
1.500000482758621e-09	8.000000368421051e-01	3.110887819652891e-01	9.126783876484816e-02	
1.500000482758621e-09	1.100000052631579e+00	2.529936907404066e-01	8.975516680434892e-02	
1.500000482758621e-09	1.200000057894737e+00	1.373294321366541e-01	9.227217210210134e-02	
1.500000482758621e-09	1.300000063157895e+00	1.488906505552066e-01	8.163002883170935e-02	
1.500000482758621e-09	1.400000068421052e+00	1.621116946418250e-01	6.427055564906987e-02	
1.500000482758621e-09	1.500000073684210e+00	1.977184178904823e-01	7.611667914653655e-02	
1.500000482758621e-09	1.600000078947368e+00	2.246760886985178e-01	9.769887305045830e-02	
1.500000482758621e-09	1.700000084210526e+00	1.933433431473955e-01	1.056588899582593e-01	
1.500000482758621e-09	1.800000089473684e+00	2.148744126786705e-01	9.469937231391438e-02	
1.500000482758621e-09	1.900000094736842e+00	2.556680464619084e-01	1.014441079068855e-01	
1.500000482758621e-09	2.000000100000000e+00	2.359052774493604e-01	1.295858981536698e-01	
1.600000517241379e-09	1.000000000000000e-01	0.000000000000000e+00	0.000000000000000e+00	
1.600000517241379e-09	7.000000315789472e-01	0.000000000000000e+00	0.000000000000000e+00	
1.600000517241379e-09	2.000000052631579e-01	0.000000000000000e+00	0.000000000000000e+00	
1.600000517241379e-09	3.000000105263158e-01	0.000000000000000e+00	0.000000000000000e+00	
1.600000517241379e-09	4.000000157894736e-01	0.000000000000000e+00	0.000000000000000e+00	
1.600000517241379e-09	5.000000210526315e-01	0.000000000000000e+00	0.000000000000000e+00	
1.600000517241379e-09	6.000000263157893e-01	0.000000000000000e+00	0.000000000000000e+00	
1.600000517241379e-09	1.200000057894737e+00	1.753447272008639e-01	1.118041716822395e-01	
1.600000517241379e-09	1.100000052631579e+00	2.830091550032782e-01	8.187605251092391e-02	
1.600000517241379e-09	1.300000063157895e+00	1.388937010309114e-01	7.423485760098435e-02	
1.600000517241379e-09	8.000000368421051e-01	6.174595627986819e-02	1.246188319382771e-01	
1.600000517241379e-09	9.000000421052630e-01	2.989773901506439e-01	1.132266111184831e-01	
1.600000517241379e-09	1.000000047368421e+00	3.270449737329323e-01	9.575508880421428e-02	
1.600000517241379e-09	1.400000068421052e+00	1.464182818091985e-01	6.935526031306360e-02	
1.600000517241379e-09	1.500000073684210e+00	1.725041687449479e-01	7.977649716284189e-02	
1.600000517241379e-09	1.700000084210526e+00	2.267652391151365e-01	1.258508209132179e-01	
1.600000517241379e-09	1.800000089473684e+00	2.383497737214995e-01	9.979251492763186e-02	
1.600000517241379e-09	1.900000094736842e+00	2.212336145890235e-01	9.702570933823351e-02	
1.600000517241379e-09	1.600000078947368e+00	2.033063749146680e-01	1.138230440068364e-01	
1.600000517241379e-09	2.000000100000000e+00	2.091993437908616e-01	1.157383191550355e-01	
1.700000551724138e-09	1.000000000000000e-01	0.000000000000000e+00	0.000000000000000e+00	
1.700000551724138e-09	2.000000052631579e-01	0.000000000000000e+00	0.000000000000000e+00	
1.700000551724138e-09	3.000000105263158e-01	0.000000000000000e+00	0.000000000000000e+00	
1.700000551724138e-09	4.000000157894736e-01	0.000000000000000e+00	0.000000000000000e+00	
1.700000551724138e-09	5.000000210526315e-01	0.000000000000000e+00	0.000000000000000e+00	
1.700000551724138e-09	6.000000263157893e-01	0.000000000000000e+00	0.000000000000000e+00	
1.700000551724138e-09	7.000000315789472e-01	0.000000000000000e+00	0.000000000000000e+00	
1.700000551724138e-09	8.000000368421051e-01	0.000000000000000e+00	0.000000000000000e+00	
1.700000551724138e-09	9.000000421052630e-01	2.089125022618265e-01	1.575992206559097e-01	
1.700000551724138e-09	1.000000047368421e+00	2.953562882076697e-01	1.140608690902049e-01	
1.700000551724138e-09	1.200000057894737e+00	1.768814068291293e-01	1.010919533386965e-01	
1.700000551724138e-09	1.100000052631579e+00	2.777743181476575e-01	8.021331375084174e-02	
1.700000551724138e-09	1.300000063157895e+00	1.424268625006266e-01	5.066906653514546e-02	
1.700000551724138e-09	1.600000078947368e+00	1.728278490600247e-01	1.016302322805931e-01	
1.700000551724138e-09	1.500000073684210e+00	1.622200972219533e-01	8.254812018781067e-02	
1.700000551724138e-09	1.900000094736842e+00	2.180023634846619e-01	1.226957571136975e-01	
1.700000551724138e-09	1.800000089473684e+00	2.033634185252337e-01	1.016932692197394e-01	
1.700000551724138e-09	1.700000084210526e+00	2.033683183862737e-01	1.032501284656452e-01	
1.700000551724138e-09	1.400000068421052e+00	1.284692523774155e-01	8.211075008896784e-02	
1.700000551724138e-09	2.000000100000000e+00	8.901519426587783e-02	1.119357381583640e-01	
1.800000586206896e-09	1.000000000000000e-01	0.000000000000000e+00	0.000000000000000e+00	
1.800000586206896e-09	2.000000052631579e-01	0.000000000000000e+00	0.000000000000000e+00	
1.800000586206896e-09	3.000000105263158e-01	0.000000000000000e+00	0.000000000000000e+00	
1.800000586206896e-09	4.000000157894736e-01	0.000000000000000e+00	0.000000000000000e+00	
1.800000586206896e-09	5.000000210526315e-01	0.000000000000000e+00	0.000000000000000e+00	
1.800000586206896e-09	6.000000263157893e-01	0.000000000000000e+00	0.000000000000000e+00	
1.800000586206896e-09	7.000000315789472e-01	0.000000000000000e+00	0.000000000000000e+00	
1.800000586206896e-09	8.000000368421051e-01	0.000000000000000e+00	0.000000000000000e+00	
1.800000586206896e-09	9.000000421052630e-01	8.673425714071757e-02	1.518423258722497e-01	
1.800000586206896e-09	1.000000047368421e+00	2.889172107504222e-01	1.306328633979686e-01	
1.800000586206896e-09	1.100000052631579e+00	2.737847426539725e-01	8.982389247190858e-02	
1.800000586206896e-09	1.200000057894737e+00	1.173281529334920e-01	9.687827261919107e-02	
1.800000586206896e-09	1.300000063157895e+00	1.253901215990806e-01	8.342143670161464e-02	
1.800000586206896e-09	1.700000084210526e+00	1.939327905036647e-01	9.792585235358002e-02	
1.800000586206896e-09	1.600000078947368e+00	2.037446339388322e-01	9.953073228587724e-02	
1.800000586206896e-09	1.500000073684210e+00	1.380911339866285e-01	9.699739568023336e-02	
1.800000586206896e-09	1.400000068421052e+00	1.333645732896359e-01	8.251321357691206e-02	
1.800000586206896e-09	1.800000089473684e+00	2.090569495396086e-01	8.993969627384749e-02	
1.800000586206896e-09	1.900000094736842e+00	1.461141003204349e-01	1.300075495509168e-01	
1.800000586206896e-09	2.000000100000000e+00	1.172680535248281e-01	1.124415663722313e-01	
1.900000620689655e-09	1.000000000000000e-01	0.000000000000000e+00	0.000000000000000e+00	
1.900000620689655e-09	2.000000052631579e-01	0.000000000000000e+00	0.000000000000000e+00	
1.900000620689655e-09	3.000000105263158e-01	0.000000000000000e+00	0.000000000000000e+00	
1.900000620689655e-09	4.000000157894736e-01	0.000000000000000e+00	0.000000000000000e+00	
1.900000620689655e-09	5.000000210526315e-01	0.000000000000000e+00	0.000000000000000e+00	
1.900000620689655e-09	6.000000263157893e-01	0.000000000000000e+00	0.000000000000000e+00	
1.900000620689655e-09	7.000000315789472e-01	0.000000000000000e+00	0.000000000000000e+00	
1.900000620689655e-09	8.000000368421051e-01	0.000000000000000e+00	0.000000000000000e+00	
1.900000620689655e-09	9.000000421052630e-01	1.316047441593967e-02	5.736517802813348e-02	
1.900000620689655e-09	1.000000047368421e+00	7.022163346778484e-02	1.405397444409710e-01	
1.900000620689655e-09	1.100000052631579e+00	1.937582035298523e-01	1.530046800463635e-01	
1.900000620689655e-09	1.200000057894737e+00	1.890493252850897e-01	1.024255675242985e-01	
1.900000620689655e-09	1.300000063157895e+00	1.291692548984719e-01	9.610872025052504e-02	
1.900000620689655e-09	1.500000073684210e+00	1.615052684299671e-01	9.519429861924072e-02	
1.900000620689655e-09	1.600000078947368e+00	1.859297845379992e-01	9.764580332045690e-02	
1.900000620689655e-09	1.700000084210526e+00	2.200674550793155e-01	1.092928538294153e-01	
1.900000620689655e-09	1.400000068421052e+00	1.327939096369382e-01	8.476513098809538e-02	
1.900000620689655e-09	1.800000089473684e+00	2.054230543185315e-01	1.078739328552134e-01	
1.900000620689655e-09	1.900000094736842e+00	1.604746133798915e-01	1.495113884970694e-01	
1.900000620689655e-09	2.000000100000000e+00	1.127305846101845e-01	9.900952587990333e-02	
2.000000655172414e-09	1.000000000000000e-01	0.000000000000000e+00	0.000000000000000e+00	
2.000000655172414e-09	2.000000052631579e-01	0.000000000000000e+00	0.000000000000000e+00	
2.000000655172414e-09	3.000000105263158e-01	0.000000000000000e+00	0.000000000000000e+00	
2.000000655172414e-09	4.000000157894736e-01	0.000000000000000e+00	0.000000000000000e+00	
2.000000655172414e-09	5.000000210526315e-01	0.000000000000000e+00	0.000000000000000e+00	
2.000000655172414e-09	6.000000263157893e-01	0.000000000000000e+00	0.000000000000000e+00	
2.000000655172414e-09	7.000000315789472e-01	0.000000000000000e+00	0.000000000000000e+00	
2.000000655172414e-09	8.000000368421051e-01	0.000000000000000e+00	0.000000000000000e+00	
2.000000655172414e-09	9.000000421052630e-01	0.000000000000000e+00	0.000000000000000e+00	
2.000000655172414e-09	1.000000047368421e+00	6.309471117827128e-02	1.281197953131546e-01	
2.000000655172414e-09	1.100000052631579e+00	2.805063138899460e-01	6.921113469375105e-02	
2.000000655172414e-09	1.200000057894737e+00	2.033910956058941e-01	9.745703871426871e-02	
2.000000655172414e-09	1.500000073684210e+00	1.451229424243221e-01	9.642303222700931e-02	
2.000000655172414e-09	1.600000078947368e+00	1.797102478091587e-01	9.559116464610767e-02	
2.000000655172414e-09	1.400000068421052e+00	1.345792651474376e-01	7.432296803466179e-02	
2.000000655172414e-09	1.300000063157895e+00	1.339338619834091e-01	1.006560642886879e-01	
2.000000655172414e-09	1.700000084210526e+00	1.896357467652536e-01	1.022672759183672e-01	
2.000000655172414e-09	1.800000089473684e+00	2.023651412318304e-01	1.098671882497884e-01	
2.000000655172414e-09	1.900000094736842e+00	1.398560409806272e-01	1.129288716895097e-01	
2.000000655172414e-09	2.000000100000000e+00	1.649459219947418e-01	1.139413653772682e-01	
2.100000689655173e-09	1.000000000000000e-01	0.000000000000000e+00	0.000000000000000e+00	
2.100000689655173e-09	2.000000052631579e-01	0.000000000000000e+00	0.000000000000000e+00	
2.100000689655173e-09	3.000000105263158e-01	0.000000000000000e+00	0.000000000000000e+00	
2.100000689655173e-09	4.000000157894736e-01	0.000000000000000e+00	0.000000000000000e+00	
2.100000689655173e-09	5.000000210526315e-01	0.000000000000000e+00	0.000000000000000e+00	
2.100000689655173e-09	6.000000263157893e-01	0.000000000000000e+00	0.000000000000000e+00	
2.100000689655173e-09	7.000000315789472e-01	0.000000000000000e+00	0.000000000000000e+00	
2.100000689655173e-09	8.000000368421051e-01	0.000000000000000e+00	0.000000000000000e+00	
2.100000689655173e-09	9.000000421052630e-01	0.000000000000000e+00	0.000000000000000e+00	
2.100000689655173e-09	1.000000047368421e+00	2.886317235727471e-01	1.097887395383348e-01	
2.100000689655173e-09	1.100000052631579e+00	2.946077372381439e-01	7.267245303303388e-02	
2.100000689655173e-09	1.200000057894737e+00	1.966531344643453e-01	1.029750267936793e-01	
2.100000689655173e-09	1.400000068421052e+00	1.140561781068140e-01	6.544536237841900e-02	
2.100000689655173e-09	1.300000063157895e+00	1.348112323605226e-01	9.611843510399781e-02	
2.100000689655173e-09	1.500000073684210e+00	1.480802182309483e-01	9.430867116082478e-02	
2.100000689655173e-09	1.600000078947368e+00	1.607084950091434e-01	9.845011477633192e-02	
2.100000689655173e-09	1.700000084210526e+00	1.713232442127749e-01	1.165466756344338e-01	
2.100000689655173e-09	1.800000089473684e+00	1.977875656969340e-01	7.622791110354617e-02	
2.100000689655173e-09	1.900000094736842e+00	1.940318618150625e-01	1.217769167393251e-01	
2.100000689655173e-09	2.000000100000000e+00	1.571755046183083e-01	1.247282810089086e-01	
2.200000724137931e-09	1.000000000000000e-01	0.000000000000000e+00	0.000000000000000e+00	
2.200000724137931e-09	2.000000052631579e-01	0.000000000000000e+00	0.000000000000000e+00	
2.200000724137931e-09	3.000000105263158e-01	0.000000000000000e+00	0.000000000000000e+00	
2.200000724137931e-09	4.000000157894736e-01	0.000000000000000e+00	0.000000000000000e+00	
2.200000724137931e-09	5.000000210526315e-01	0.000000000000000e+00	0.000000000000000e+00	
2.200000724137931e-09	6.000000263157893e-01	0.000000000000000e+00	0.000000000000000e+00	
2.200000724137931e-09	7.000000315789472e-01	0.000000000000000e+00	0.000000000000000e+00	
2.200000724137931e-09	8.000000368421051e-01	0.000000000000000e+00	0.000000000000000e+00	
2.200000724137931e-09	9.000000421052630e-01	8.957316635449752e-02	1.555504726330745e-01	
2.200000724137931e-09	1.000000047368421e+00	2.706141264769578e-01	1.246069993148567e-01	
2.200000724137931e-09	1.100000052631579e+00	2.850639646308707e-01	6.969937665861521e-02	
2.200000724137931e-09	1.200000057894737e+00	2.268341189748164e-01	9.696579958280285e-02	
2.200000724137931e-09	1.300000063157895e+00	1.431123817931491e-01	1.052641235111926e-01	
2.200000724137931e-09	1.400000068421052e+00	1.185915709048004e-01	7.174572532293615e-02	
2.200000724137931e-09	1.500000073684210e+00	1.506721306155189e-01	7.508807831620222e-02	
2.200000724137931e-09	1.600000078947368e+00	1.626540333152513e-01	9.836355347157720e-02	
2.200000724137931e-09	1.700000084210526e+00	1.826177659685306e-01	9.233497604507014e-02	
2.200000724137931e-09	1.800000089473684e+00	2.022370343305301e-01	1.055764274224014e-01	
2.200000724137931e-09	1.900000094736842e+00	2.118431259393914e-01	9.958260191218410e-02	
2.200000724137931e-09	2.000000100000000e+00	1.913299074013506e-01	1.061635363407046e-01	
2.300000758620690e-09	1.000000000000000e-01	0.000000000000000e+00	0.000000000000000e+00	
2.300000758620690e-09	2.000000052631579e-01	0.000000000000000e+00	0.000000000000000e+00	
2.300000758620690e-09	3.000000105263158e-01	0.000000000000000e+00	0.000000000000000e+00	
2.300000758620690e-09	4.000000157894736e-01	0.000000000000000e+00	0.000000000000000e+00	
2.300000758620690e-09	5.000000210526315e-01	0.000000000000000e+00	0.000000000000000e+00	
2.300000758620690e-09	6.000000263157893e-01	0.000000000000000e+00	0.000000000000000e+00	
2.300000758620690e-09	7.000000315789472e-01	0.000000000000000e+00	0.000000000000000e+00	
2.300000758620690e-09	8.000000368421051e-01	0.000000000000000e+00	0.000000000000000e+00	
2.300000758620690e-09	9.000000421052630e-01	5.186313528296697e-02	1.238783256852856e-01	
2.300000758620690e-09	1.000000047368421e+00	2.337087974194508e-01	1.585791974577918e-01	
2.300000758620690e-09	1.100000052631579e+00	2.792603470494098e-01	8.983745858898305e-02	
2.300000758620690e-09	1.200000057894737e+00	2.094683619548946e-01	1.082665414406068e-01	
2.300000758620690e-09	1.300000063157895e+00	1.828452777287436e-01	1.034592527520709e-01	
2.300000758620690e-09	1.400000068421052e+00	9.948564153920184e-02	6.455198341386968e-02	
2.300000758620690e-09	1.500000073684210e+00	1.312486447803435e-01	8.111561176417416e-02	
2.300000758620690e-09	1.600000078947368e+00	1.585514491052486e-01	7.990739893408173e-02	
2.300000758620690e-09	1.700000084210526e+00	1.718511089740632e-01	9.839008180847378e-02	
2.300000758620690e-09	1.800000089473684e+00	1.832530636596919e-01	1.044811075211939e-01	
2.300000758620690e-09	1.900000094736842e+00	1.828139950944465e-01	1.089877659193171e-01	
2.300000758620690e-09	2.000000100000000e+00	1.559228344523384e-01	1.033325500427451e-01	
2.400000793103448e-09	1.000000000000000e-01	0.000000000000000e+00	0.000000000000000e+00	
2.400000793103448e-09	2.000000052631579e-01	0.000000000000000e+00	0.000000000000000e+00	
2.400000793103448e-09	3.000000105263158e-01	0.000000000000000e+00	0.000000000000000e+00	
2.400000793103448e-09	4.000000157894736e-01	0.000000000000000e+00	0.000000000000000e+00	
2.400000793103448e-09	5.000000210526315e-01	0.000000000000000e+00	0.000000000000000e+00	
2.400000793103448e-09	6.000000263157893e-01	0.000000000000000e+00	0.000000000000000e+00	
2.400000793103448e-09	7.000000315789472e-01	0.000000000000000e+00	0.000000000000000e+00	
2.400000793103448e-09	8.000000368421051e-01	0.000000000000000e+00	0.000000000000000e+00	
2.400000793103448e-09	9.000000421052630e-01	2.359466743725011e-02	7.112471682213933e-02	
2.400000793103448e-09	1.000000047368421e+00	2.116464716454770e-01	1.593799083263700e-01	
2.400000793103448e-09	1.100000052631579e+00	2.910865565081135e-01	7.378865308555065e-02	
2.400000793103448e-09	1.200000057894737e+00	2.071407878022375e-01	1.074871421921013e-01	
2.400000793103448e-09	1.300000063157895e+00	1.810328339113188e-01	1.063343730167617e-01	
2.400000793103448e-09	1.600000078947368e+00	1.576546047310174e-01	9.245082218211183e-02	
2.400000793103448e-09	1.500000073684210e+00	1.375637599778121e-01	8.348604415265184e-02	
2.400000793103448e-09	1.700000084210526e+00	1.630492380565046e-01	1.080491562168184e-01	
2.400000793103448e-09	1.400000068421052e+00	1.411511070092174e-01	8.654439293084865e-02	
2.400000793103448e-09	1.800000089473684e+00	1.823109110120230e-01	9.790463548684208e-02	
2.400000793103448e-09	1.900000094736842e+00	1.631086090567838e-01	1.068796363422778e-01	
2.400000793103448e-09	2.000000100000000e+00	9.214005938850846e-02	1.293812995710477e-01	
2.500000827586207e-09	1.000000000000000e-01	0.000000000000000e+00	0.000000000000000e+00	
2.500000827586207e-09	2.000000052631579e-01	0.000000000000000e+00	0.000000000000000e+00	
2.500000827586207e-09	3.000000105263158e-01	0.000000000000000e+00	0.000000000000000e+00	
2.500000827586207e-09	4.000000157894736e-01	0.000000000000000e+00	0.000000000000000e+00	
2.500000827586207e-09	5.000000210526315e-01	0.000000000000000e+00	0.000000000000000e+00	
2.500000827586207e-09	6.000000263157893e-01	0.000000000000000e+00	0.000000000000000e+00	
2.500000827586207e-09	7.000000315789472e-01	0.000000000000000e+00	0.000000000000000e+00	
2.500000827586207e-09	8.000000368421051e-01	0.000000000000000e+00	0.000000000000000e+00	
2.500000827586207e-09	9.000000421052630e-01	0.000000000000000e+00	0.000000000000000e+00	
2.500000827586207e-09	1.000000047368421e+00	6.179331719611488e-02	1.245588863623710e-01	
2.500000827586207e-09	1.100000052631579e+00	2.085951676268963e-01	1.463521324541593e-01	
2.500000827586207e-09	1.200000057894737e+00	2.111534787150167e-01	9.144271939455878e-02	
2.500000827586207e-09	1.500000073684210e+00	1.308513803293144e-01	8.715047432815534e-02	
2.500000827586207e-09	1.300000063157895e+00	1.342568821411725e-01	1.045462469241491e-01	
2.500000827586207e-09	1.600000078947368e+00	1.456574182954921e-01	7.380088763173906e-02	
2.500000827586207e-09	1.400000068421052e+00	1.251339295340083e-01	6.238219639728042e-02	
2.500000827586207e-09	1.700000084210526e+00	1.603401527935108e-01	1.109072626484374e-01	
2.500000827586207e-09	1.800000089473684e+00	1.484415239664814e-01	9.650252104299892e-02	
2.500000827586207e-09	1.900000094736842e+00	1.199525371275093e-01	1.069361527981125e-01	
2.500000827586207e-09	2.000000100000000e+00	8.121377278775369e-02	1.198170443518749e-01	
2.600000862068965e-09	1.000000000000000e-01	0.000000000000000e+00	0.000000000000000e+00	
2.600000862068965e-09	2.000000052631579e-01	0.000000000000000e+00	0.000000000000000e+00	
2.600000862068965e-09	3.000000105263158e-01	0.000000000000000e+00	0.000000000000000e+00	
2.600000862068965e-09	4.000000157894736e-01	0.000000000000000e+00	0.000000000000000e+00	
2.600000862068965e-09	5.000000210526315e-01	0.000000000000000e+00	0.000000000000000e+00	
2.600000862068965e-09	6.000000263157893e-01	0.000000000000000e+00	0.000000000000000e+00	
2.600000862068965e-09	7.000000315789472e-01	0.000000000000000e+00	0.000000000000000e+00	
2.600000862068965e-09	8.000000368421051e-01	0.000000000000000e+00	0.000000000000000e+00	
2.600000862068965e-09	9.000000421052630e-01	0.000000000000000e+00	0.000000000000000e+00	
2.600000862068965e-09	1.000000047368421e+00	3.398613328231309e-02	1.033011285422911e-01	
2.600000862068965e-09	1.100000052631579e+00	1.843562056235893e-01	1.762745414269130e-01	
2.600000862068965e-09	1.200000057894737e+00	2.038849288285590e-01	1.045225675249111e-01	
2.600000862068965e-09	1.500000073684210e+00	1.154931824459108e-01	6.900635613689958e-02	
2.600000862068965e-09	1.300000063157895e+00	1.537168199140561e-01	9.377209698221135e-02	
2.600000862068965e-09	1.400000068421052e+00	1.277538824415185e-01	8.172349786135412e-02	
2.600000862068965e-09	1.600000078947368e+00	1.496670772425499e-01	8.380733455797233e-02	
2.600000862068965e-09	1.700000084210526e+00	1.803925124288926e-01	9.861935835687814e-02	
2.600000862068965e-09	1.800000089473684e+00	1.542479632443787e-01	1.112974373427048e-01	
2.600000862068965e-09	1.900000094736842e+00	1.099394645998021e-01	1.204608033960733e-01	
2.600000862068965e-09	2.000000100000000e+00	1.021104826552532e-01	1.181768009557819e-01	
2.700000896551724e-09	1.000000000000000e-01	0.000000000000000e+00	0.000000000000000e+00	
2.700000896551724e-09	2.000000052631579e-01	0.000000000000000e+00	0.000000000000000e+00	
2.700000896551724e-09	3.000000105263158e-01	0.000000000000000e+00	0.000000000000000e+00	
2.700000896551724e-09	4.000000157894736e-01	0.000000000000000e+00	0.000000000000000e+00	
2.700000896551724e-09	5.000000210526315e-01	0.000000000000000e+00	0.000000000000000e+00	
2.700000896551724e-09	6.000000263157893e-01	0.000000000000000e+00	0.000000000000000e+00	
2.700000896551724e-09	7.000000315789472e-01	0.000000000000000e+00	0.000000000000000e+00	
2.700000896551724e-09	8.000000368421051e-01	0.000000000000000e+00	0.000000000000000e+00	
2.700000896551724e-09	9.000000421052630e-01	0.000000000000000e+00	0.000000000000000e+00	
2.700000896551724e-09	1.000000047368421e+00	1.053823045698354e-01	1.469482031740630e-01	
2.700000896551724e-09	1.100000052631579e+00	2.964356250806833e-01	9.054277837045430e-02	
2.700000896551724e-09	1.200000057894737e+00	2.228878841494497e-01	9.593144455041309e-02	
2.700000896551724e-09	1.300000063157895e+00	1.491030183913426e-01	8.048253198695374e-02	
2.700000896551724e-09	1.500000073684210e+00	1.447603917284708e-01	7.695904792285771e-02	
2.700000896551724e-09	1.400000068421052e+00	1.340356345339367e-01	7.290869852587908e-02	
2.700000896551724e-09	1.600000078947368e+00	1.482587273394831e-01	7.854607754042679e-02	
2.700000896551724e-09	1.700000084210526e+00	1.518969255177053e-01	7.988880852989975e-02	
2.700000896551724e-09	1.800000089473684e+00	8.356112865072907e-02	7.805047472971303e-02	
2.700000896551724e-09	1.900000094736842e+00	1.793767419308751e-01	1.265721275703189e-01	
2.700000896551724e-09	2.000000100000000e+00	1.627192652882647e-01	1.355711696257574e-01	
2.800000931034482e-09	1.000000000000000e-01	0.000000000000000e+00	0.000000000000000e+00	
2.800000931034482e-09	2.000000052631579e-01	0.000000000000000e+00	0.000000000000000e+00	
2.800000931034482e-09	3.000000105263158e-01	0.000000000000000e+00	0.000000000000000e+00	
2.800000931034482e-09	4.000000157894736e-01	0.000000000000000e+00	0.000000000000000e+00	
2.800000931034482e-09	5.000000210526315e-01	0.000000000000000e+00	0.000000000000000e+00	
2.800000931034482e-09	6.000000263157893e-01	0.000000000000000e+00	0.000000000000000e+00	
2.800000931034482e-09	7.000000315789472e-01	0.000000000000000e+00	0.000000000000000e+00	
2.800000931034482e-09	8.000000368421051e-01	0.000000000000000e+00	0.000000000000000e+00	
2.800000931034482e-09	9.000000421052630e-01	0.000000000000000e+00	0.000000000000000e+00	
2.800000931034482e-09	1.000000047368421e+00	2.134954065883959e-01	1.446398859206079e-01	
2.800000931034482e-09	1.100000052631579e+00	2.667361094868900e-01	1.061764581959910e-01	
2.800000931034482e-09	1.200000057894737e+00	2.099837873874922e-01	1.110016749511193e-01	
2.800000931034482e-09	1.400000068421052e+00	1.263097788564974e-01	9.065729265065751e-02	
2.800000931034482e-09	1.300000063157895e+00	1.351593197414890e-01	7.042041800244560e-02	
2.800000931034482e-09	1.500000073684210e+00	1.268907537316369e-01	6.736094503749099e-02	
2.800000931034482e-09	1.600000078947368e+00	1.276243196086231e-01	9.756927142671576e-02	
2.800000931034482e-09	1.700000084210526e+00	1.411522492196774e-01	8.460970116250734e-02	
2.800000931034482e-09	1.800000089473684e+00	1.461876559222743e-01	9.826326389275282e-02	
2.800000931034482e-09	1.900000094736842e+00	1.935224561265369e-01	1.056450715834292e-01	
2.800000931034482e-09	2.000000100000000e+00	1.397770352241367e-01	9.995047695895697e-02	
2.900000965517241e-09	1.000000000000000e-01	0.000000000000000e+00	0.000000000000000e+00	
2.900000965517241e-09	2.000000052631579e-01	0.000000000000000e+00	0.000000000000000e+00	
2.900000965517241e-09	3.000000105263158e-01	0.000000000000000e+00	0.000000000000000e+00	
2.900000965517241e-09	4.000000157894736e-01	0.000000000000000e+00	0.000000000000000e+00	
2.900000965517241e-09	5.000000210526315e-01	0.000000000000000e+00	0.000000000000000e+00	
2.900000965517241e-09	6.000000263157893e-01	0.000000000000000e+00	0.000000000000000e+00	
2.900000965517241e-09	7.000000315789472e-01	0.000000000000000e+00	0.000000000000000e+00	
2.900000965517241e-09	8.000000368421051e-01	0.000000000000000e+00	0.000000000000000e+00	
2.900000965517241e-09	9.000000421052630e-01	0.000000000000000e+00	0.000000000000000e+00	
2.900000965517241e-09	1.000000047368421e+00	1.880491343003636e-01	1.722138041939201e-01	
2.900000965517241e-09	1.100000052631579e+00	2.428793924327607e-01	1.170621841713366e-01	
2.900000965517241e-09	1.200000057894737e+00	1.991054154322086e-01	9.911621526733584e-02	
2.900000965517241e-09	1.300000063157895e+00	1.609002722381983e-01	7.261530695373988e-02	
2.900000965517241e-09	1.400000068421052e+00	1.331158560786896e-01	1.006915939129061e-01	
2.900000965517241e-09	1.500000073684210e+00	1.162301683365367e-01	8.010388925101271e-02	
2.900000965517241e-09	1.600000078947368e+00	1.334898764757042e-01	7.320509441802568e-02	
2.900000965517241e-09	1.700000084210526e+00	1.494051927043344e-01	7.541421740850840e-02	
2.900000965517241e-09	1.800000089473684e+00	1.478489423725882e-01	1.162084291705502e-01	
2.900000965517241e-09	1.900000094736842e+00	1.343459090837815e-01	1.066434203287890e-01	
2.900000965517241e-09	2.000000100000000e+00	1.121832312314483e-01	8.422462010336990e-02	
3.000001000000000e-09	1.000000000000000e-01	0.000000000000000e+00	0.000000000000000e+00	
3.000001000000000e-09	2.000000052631579e-01	0.000000000000000e+00	0.000000000000000e+00	
3.000001000000000e-09	3.000000105263158e-01	0.000000000000000e+00	0.000000000000000e+00	
3.000001000000000e-09	4.000000157894736e-01	0.000000000000000e+00	0.000000000000000e+00	
3.000001000000000e-09	5.000000210526315e-01	0.000000000000000e+00	0.000000000000000e+00	
3.000001000000000e-09	6.000000263157893e-01	0.000000000000000e+00	0.000000000000000e+00	
3.000001000000000e-09	7.000000315789472e-01	0.000000000000000e+00	0.000000000000000e+00	
3.000001000000000e-09	8.000000368421051e-01	0.000000000000000e+00	0.000000000000000e+00	
3.000001000000000e-09	9.000000421052630e-01	0.000000000000000e+00	0.000000000000000e+00	
3.000001000000000e-09	1.000000047368421e+00	1.711630970084795e-01	1.611090016752663e-01	
3.000001000000000e-09	1.100000052631579e+00	2.431007042642518e-01	1.204574743794927e-01	
3.000001000000000e-09	1.200000057894737e+00	2.453716171422967e-01	8.153858343651123e-02	
3.000001000000000e-09	1.300000063157895e+00	1.595206464334656e-01	9.715350350990201e-02	
3.000001000000000e-09	1.400000068421052e+00	1.279714530058017e-01	9.578501823791388e-02	
3.000001000000000e-09	1.500000073684210e+00	1.261680374631688e-01	6.742263557859199e-02	
3.000001000000000e-09	1.600000078947368e+00	1.456442358452582e-01	8.625778150244494e-02	
3.000001000000000e-09	1.700000084210526e+00	1.393472334540454e-01	6.834624585939038e-02	
3.000001000000000e-09	1.800000089473684e+00	1.552985694405264e-01	9.368506130638740e-02	
3.000001000000000e-09	1.900000094736842e+00	1.461636927960653e-01	9.767023108359954e-02	
3.000001000000000e-09	2.000000100000000e+00	1.406937424465013e-01	1.070103179196699e-01	
