1.000000000000000e-10	6.000000263157893e-01	5.868137540035118e-02	1.185949754931393e-02	
1.000000000000000e-10	5.000000210526315e-01	1.973196388030034e-02	3.156735654609940e-03	
1.000000000000000e-10	4.000000157894736e-01	1.866759782127611e-02	3.670711588787805e-03	
1.000000000000000e-10	3.000000105263158e-01	1.239377576413627e-02	2.630409610012274e-03	
1.000000000000000e-10	2.000000052631579e-01	3.214339614538811e-03	4.567340536136387e-03	
1.000000000000000e-10	1.000000000000000e-01	3.688494286176375e-03	5.268638041420012e-03	
1.000000000000000e-10	1.200000057894737e+00	4.585303086241394e-02	2.486139992061142e-02	
1.000000000000000e-10	1.100000052631579e+00	5.784797981183306e-02	2.012130112566258e-02	
1.000000000000000e-10	7.000000315789472e-01	7.248854618037183e-02	9.105635219988877e-03	
1.000000000000000e-10	8.000000368421051e-01	6.707123702504370e-02	9.526559958982909e-03	
1.000000000000000e-10	1.000000047368421e+00	6.992063396913499e-02	1.830818772294063e-02	
1.000000000000000e-10	9.000000421052630e-01	6.820687951789471e-02	1.177380407839260e-02	
1.000000000000000e-10	1.300000063157895e+00	3.363141555593095e-02	2.710528874286469e-02	
1.000000000000000e-10	1.400000068421052e+00	2.391194244028296e-02	2.070191013236487e-02	
1.000000000000000e-10	1.500000073684210e+00	1.855139424604305e-02	1.525510511562007e-02	
1.000000000000000e-10	1.600000078947368e+00	1.319360279144253e-02	8.099870580924554e-03	
1.000000000000000e-10	1.700000084210526e+00	9.528787321778361e-03	4.347719414072809e-03	
1.000000000000000e-10	1.800000089473684e+00	8.263044340561878e-03	4.209186272330578e-03	
1.000000000000000e-10	1.900000094736842e+00	7.530493870826068e-03	2.461345650038779e-03	
2.000000344827586e-10	4.000000157894736e-01	0.000000000000000e+00	0.000000000000000e+00	
2.000000344827586e-10	5.000000210526315e-01	0.000000000000000e+00	0.000000000000000e+00	
1.000000000000000e-10	2.000000100000000e+00	6.571360371143966e-03	2.408519456152212e-03	
2.000000344827586e-10	8.000000368421051e-01	1.424542164115823e-01	1.813349054206275e-02	
2.000000344827586e-10	7.000000315789472e-01	1.137215461454646e-01	1.114190632996357e-02	
2.000000344827586e-10	1.000000000000000e-01	0.000000000000000e+00	0.000000000000000e+00	
2.000000344827586e-10	2.000000052631579e-01	0.000000000000000e+00	0.000000000000000e+00	
2.000000344827586e-10	6.000000263157893e-01	6.260081309108485e-02	3.689779201091185e-02	
2.000000344827586e-10	3.000000105263158e-01	0.000000000000000e+00	0.000000000000000e+00	
2.000000344827586e-10	9.000000421052630e-01	1.674714383709389e-01	2.067320194370455e-02	
2.000000344827586e-10	1.000000047368421e+00	1.782122252279973e-01	4.149401093596670e-02	
2.000000344827586e-10	1.100000052631579e+00	1.499104779042181e-01	4.491755107111205e-02	
2.000000344827586e-10	1.200000057894737e+00	1.014574872968572e-01	4.827435253992736e-02	
2.000000344827586e-10	1.300000063157895e+00	6.195127225412905e-02	4.873269889740938e-02	
2.000000344827586e-10	1.400000068421052e+00	4.423035126806200e-02	5.293114291397417e-02	
2.000000344827586e-10	1.500000073684210e+00	3.974923248852624e-02	4.721419039685718e-02	
3.000000689655172e-10	1.000000000000000e-01	0.000000000000000e+00	0.000000000000000e+00	
3.000000689655172e-10	2.000000052631579e-01	0.000000000000000e+00	0.000000000000000e+00	
3.000000689655172e-10	3.000000105263158e-01	0.000000000000000e+00	0.000000000000000e+00	
3.000000689655172e-10	4.000000157894736e-01	0.000000000000000e+00	0.000000000000000e+00	
3.000000689655172e-10	5.000000210526315e-01	0.000000000000000e+00	0.000000000000000e+00	
2.000000344827586e-10	1.600000078947368e+00	3.092697429459378e-02	4.455195171462117e-02	
2.000000344827586e-10	1.700000084210526e+00	2.724950033886047e-02	4.224213315806007e-02	
2.000000344827586e-10	1.800000089473684e+00	1.316146727469312e-02	2.455854699426140e-02	
2.000000344827586e-10	1.900000094736842e+00	5.986868044831998e-03	5.065036569239641e-03	
2.000000344827586e-10	2.000000100000000e+00	5.464501024014068e-03	4.051134895197561e-03	
3.000000689655172e-10	7.000000315789472e-01	1.589736786790369e-01	2.886165294089751e-02	
3.000000689655172e-10	8.000000368421051e-01	2.092131996594110e-01	4.845205095563661e-02	
3.000000689655172e-10	6.000000263157893e-01	3.736331584086024e-02	4.767130944833658e-02	
3.000000689655172e-10	9.000000421052630e-01	2.685158563526314e-01	5.028887020990207e-02	
3.000000689655172e-10	1.000000047368421e+00	2.772325729276914e-01	5.262890511649808e-02	
3.000000689655172e-10	1.100000052631579e+00	2.486481781968116e-01	7.145203033390742e-02	
3.000000689655172e-10	1.200000057894737e+00	1.806027192120512e-01	6.637944112915056e-02	
3.000000689655172e-10	1.300000063157895e+00	1.196926087126440e-01	8.458079133932274e-02	
3.000000689655172e-10	1.400000068421052e+00	5.856112827525822e-02	7.278961893332081e-02	
4.000001034482759e-10	1.000000000000000e-01	0.000000000000000e+00	0.000000000000000e+00	
4.000001034482759e-10	2.000000052631579e-01	0.000000000000000e+00	0.000000000000000e+00	
4.000001034482759e-10	3.000000105263158e-01	0.000000000000000e+00	0.000000000000000e+00	
4.000001034482759e-10	4.000000157894736e-01	0.000000000000000e+00	0.000000000000000e+00	
3.000000689655172e-10	1.500000073684210e+00	4.570797477339931e-02	6.335706056785806e-02	
4.000001034482759e-10	5.000000210526315e-01	0.000000000000000e+00	0.000000000000000e+00	
3.000000689655172e-10	1.600000078947368e+00	4.263044277197250e-02	5.369580491214541e-02	
3.000000689655172e-10	1.700000084210526e+00	2.740097635384044e-02	4.200818701622763e-02	
3.000000689655172e-10	1.800000089473684e+00	2.271620212888569e-02	4.226609118387965e-02	
3.000000689655172e-10	1.900000094736842e+00	9.344235751930869e-03	1.471419038585074e-02	
3.000000689655172e-10	2.000000100000000e+00	4.797582797104504e-03	6.181231086755825e-03	
4.000001034482759e-10	9.000000421052630e-01	3.324784246457219e-01	6.280684272554124e-02	
4.000001034482759e-10	8.000000368421051e-01	2.864972886639848e-01	6.845568575272544e-02	
4.000001034482759e-10	7.000000315789472e-01	1.975749596646521e-01	5.505571495208458e-02	
4.000001034482759e-10	1.000000047368421e+00	3.515510971083182e-01	7.949025653882158e-02	
4.000001034482759e-10	6.000000263157893e-01	1.753318674753453e-02	4.525762857035993e-02	
4.000001034482759e-10	1.100000052631579e+00	3.108158239759914e-01	7.973856619179279e-02	
4.000001034482759e-10	1.200000057894737e+00	2.359990868912821e-01	6.953967730017591e-02	
4.000001034482759e-10	1.400000068421052e+00	1.081376912043055e-01	9.874840004805707e-02	
4.000001034482759e-10	1.500000073684210e+00	7.025287862229548e-02	8.892144533646673e-02	
4.000001034482759e-10	1.300000063157895e+00	1.405142352263057e-01	9.875525615693254e-02	
5.000001379310345e-10	1.000000000000000e-01	0.000000000000000e+00	0.000000000000000e+00	
5.000001379310345e-10	2.000000052631579e-01	0.000000000000000e+00	0.000000000000000e+00	
5.000001379310345e-10	3.000000105263158e-01	0.000000000000000e+00	0.000000000000000e+00	
4.000001034482759e-10	1.600000078947368e+00	5.860924440230919e-02	6.579284539758985e-02	
5.000001379310345e-10	4.000000157894736e-01	0.000000000000000e+00	0.000000000000000e+00	
5.000001379310345e-10	5.000000210526315e-01	0.000000000000000e+00	0.000000000000000e+00	
4.000001034482759e-10	1.700000084210526e+00	4.447456163759208e-02	6.046907606083016e-02	
4.000001034482759e-10	1.800000089473684e+00	4.518761033157784e-02	5.694463007967977e-02	
4.000001034482759e-10	1.900000094736842e+00	2.970715665373284e-02	6.371397619886747e-02	
4.000001034482759e-10	2.000000100000000e+00	9.103924904523710e-03	2.579139145499668e-02	
5.000001379310345e-10	6.000000263157893e-01	0.000000000000000e+00	0.000000000000000e+00	
5.000001379310345e-10	9.000000421052630e-01	4.017981819170558e-01	8.250734203724180e-02	
5.000001379310345e-10	8.000000368421051e-01	3.584973736050057e-01	1.064462851190841e-01	
5.000001379310345e-10	7.000000315789472e-01	1.995184332401102e-01	6.544625668525454e-02	
5.000001379310345e-10	1.000000047368421e+00	4.297940376641434e-01	9.625311683887597e-02	
5.000001379310345e-10	1.100000052631579e+00	3.641231909020349e-01	1.053385756516333e-01	
5.000001379310345e-10	1.200000057894737e+00	2.949383046308690e-01	8.037223025339420e-02	
5.000001379310345e-10	1.300000063157895e+00	1.996578859213084e-01	1.148900504497318e-01	
5.000001379310345e-10	1.400000068421052e+00	1.389773302652706e-01	1.031225583404642e-01	
6.000001724137931e-10	1.000000000000000e-01	0.000000000000000e+00	0.000000000000000e+00	
5.000001379310345e-10	1.500000073684210e+00	1.312407773970756e-01	1.213572712943786e-01	
5.000001379310345e-10	1.600000078947368e+00	1.038190115931380e-01	9.735191354602640e-02	
6.000001724137931e-10	2.000000052631579e-01	0.000000000000000e+00	0.000000000000000e+00	
6.000001724137931e-10	3.000000105263158e-01	0.000000000000000e+00	0.000000000000000e+00	
6.000001724137931e-10	4.000000157894736e-01	0.000000000000000e+00	0.000000000000000e+00	
6.000001724137931e-10	5.000000210526315e-01	0.000000000000000e+00	0.000000000000000e+00	
5.000001379310345e-10	1.700000084210526e+00	6.612380910310617e-02	8.740235559680322e-02	
5.000001379310345e-10	1.800000089473684e+00	5.135103164552275e-02	7.522999527664713e-02	
6.000001724137931e-10	6.000000263157893e-01	0.000000000000000e+00	0.000000000000000e+00	
5.000001379310345e-10	1.900000094736842e+00	2.873786163983864e-02	5.256773526386668e-02	
5.000001379310345e-10	2.000000100000000e+00	1.698461650948580e-02	3.753861935347391e-02	
6.000001724137931e-10	8.000000368421051e-01	3.799097303460725e-01	1.060150654550669e-01	
6.000001724137931e-10	9.000000421052630e-01	4.607806280603808e-01	1.007399908088993e-01	
6.000001724137931e-10	7.000000315789472e-01	1.906900776139407e-01	7.096809728560066e-02	
6.000001724137931e-10	1.000000047368421e+00	4.448996348878543e-01	1.081554601384541e-01	
6.000001724137931e-10	1.100000052631579e+00	3.918211888609159e-01	6.696551621411269e-02	
6.000001724137931e-10	1.200000057894737e+00	2.897672118024566e-01	8.947562011431237e-02	
6.000001724137931e-10	1.300000063157895e+00	2.473699088724059e-01	1.059831604800659e-01	
7.000002068965517e-10	1.000000000000000e-01	0.000000000000000e+00	0.000000000000000e+00	
6.000001724137931e-10	1.400000068421052e+00	1.940531239933528e-01	1.371395147155612e-01	
7.000002068965517e-10	2.000000052631579e-01	0.000000000000000e+00	0.000000000000000e+00	
6.000001724137931e-10	1.500000073684210e+00	1.348295532386780e-01	1.030241114231324e-01	
7.000002068965517e-10	3.000000105263158e-01	0.000000000000000e+00	0.000000000000000e+00	
7.000002068965517e-10	4.000000157894736e-01	0.000000000000000e+00	0.000000000000000e+00	
6.000001724137931e-10	1.600000078947368e+00	1.332730261773705e-01	1.411932092632050e-01	
7.000002068965517e-10	5.000000210526315e-01	0.000000000000000e+00	0.000000000000000e+00	
6.000001724137931e-10	1.700000084210526e+00	7.769568887510540e-02	9.104489236267127e-02	
7.000002068965517e-10	6.000000263157893e-01	0.000000000000000e+00	0.000000000000000e+00	
6.000001724137931e-10	1.800000089473684e+00	7.933430545051760e-02	9.386229893432224e-02	
6.000001724137931e-10	1.900000094736842e+00	6.678492821953005e-02	7.772576070167571e-02	
6.000001724137931e-10	2.000000100000000e+00	4.872371932636127e-02	7.018697242183786e-02	
7.000002068965517e-10	9.000000421052630e-01	4.333153693750211e-01	1.168395047438016e-01	
7.000002068965517e-10	8.000000368421051e-01	3.386573508621993e-01	1.165034011156356e-01	
7.000002068965517e-10	7.000000315789472e-01	1.627780166604843e-01	8.451129648035972e-02	
7.000002068965517e-10	1.000000047368421e+00	4.558923842687686e-01	1.318964237759077e-01	
7.000002068965517e-10	1.100000052631579e+00	4.011949339517719e-01	9.710757752585214e-02	
7.000002068965517e-10	1.200000057894737e+00	3.235578172216410e-01	1.010853341287907e-01	
7.000002068965517e-10	1.300000063157895e+00	2.498732078566442e-01	1.148475325262400e-01	
7.000002068965517e-10	1.400000068421052e+00	2.069799638943781e-01	9.886426262310628e-02	
8.000002413793102e-10	1.000000000000000e-01	0.000000000000000e+00	0.000000000000000e+00	
7.000002068965517e-10	1.500000073684210e+00	1.603165335996967e-01	1.402527896532805e-01	
8.000002413793102e-10	2.000000052631579e-01	0.000000000000000e+00	0.000000000000000e+00	
8.000002413793102e-10	3.000000105263158e-01	0.000000000000000e+00	0.000000000000000e+00	
8.000002413793102e-10	4.000000157894736e-01	0.000000000000000e+00	0.000000000000000e+00	
7.000002068965517e-10	1.600000078947368e+00	1.275472905949862e-01	1.340370515423123e-01	
8.000002413793102e-10	5.000000210526315e-01	0.000000000000000e+00	0.000000000000000e+00	
7.000002068965517e-10	1.700000084210526e+00	9.496131140349959e-02	1.050519705988055e-01	
8.000002413793102e-10	6.000000263157893e-01	0.000000000000000e+00	0.000000000000000e+00	
7.000002068965517e-10	1.800000089473684e+00	7.743966771506716e-02	9.311806213220500e-02	
7.000002068965517e-10	1.900000094736842e+00	9.847004520307152e-02	1.202771845417872e-01	
7.000002068965517e-10	2.000000100000000e+00	4.263311548712661e-02	6.625008350751538e-02	
8.000002413793102e-10	9.000000421052630e-01	4.342510430518445e-01	9.849419165353006e-02	
8.000002413793102e-10	8.000000368421051e-01	2.945646882480777e-01	1.277603246779523e-01	
8.000002413793102e-10	1.000000047368421e+00	4.927179671730812e-01	9.157003985447963e-02	
8.000002413793102e-10	7.000000315789472e-01	7.217037149029995e-02	7.441577293028347e-02	
8.000002413793102e-10	1.100000052631579e+00	4.209045345254389e-01	8.387235440952424e-02	
8.000002413793102e-10	1.200000057894737e+00	3.456627021000901e-01	1.025656293665785e-01	
8.000002413793102e-10	1.300000063157895e+00	2.790235133276642e-01	1.234851859412884e-01	
9.000002758620689e-10	1.000000000000000e-01	0.000000000000000e+00	0.000000000000000e+00	
8.000002413793102e-10	1.400000068421052e+00	2.071904910759028e-01	1.155859166933635e-01	
9.000002758620689e-10	2.000000052631579e-01	0.000000000000000e+00	0.000000000000000e+00	
9.000002758620689e-10	3.000000105263158e-01	0.000000000000000e+00	0.000000000000000e+00	
8.000002413793102e-10	1.500000073684210e+00	1.666976036503011e-01	1.323862528079636e-01	
9.000002758620689e-10	4.000000157894736e-01	0.000000000000000e+00	0.000000000000000e+00	
9.000002758620689e-10	5.000000210526315e-01	0.000000000000000e+00	0.000000000000000e+00	
8.000002413793102e-10	1.600000078947368e+00	1.574645517019960e-01	1.634975740096799e-01	
8.000002413793102e-10	1.700000084210526e+00	1.158606447307084e-01	1.362603475561808e-01	
9.000002758620689e-10	6.000000263157893e-01	0.000000000000000e+00	0.000000000000000e+00	
8.000002413793102e-10	1.800000089473684e+00	7.386107764845432e-02	9.461290002972431e-02	
8.000002413793102e-10	1.900000094736842e+00	8.130936845778579e-02	1.087211702693260e-01	
8.000002413793102e-10	2.000000100000000e+00	6.241547914161126e-02	7.498046405659706e-02	
9.000002758620689e-10	9.000000421052630e-01	3.929417311434786e-01	9.494243997409001e-02	
9.000002758620689e-10	8.000000368421051e-01	2.941140960048591e-01	1.044298082810913e-01	
9.000002758620689e-10	1.000000047368421e+00	4.524601116852322e-01	1.079199514835255e-01	
9.000002758620689e-10	7.000000315789472e-01	4.715968223369257e-02	9.412384645903221e-02	
9.000002758620689e-10	1.100000052631579e+00	4.057749683259319e-01	8.215371525251959e-02	
9.000002758620689e-10	1.200000057894737e+00	3.440123615895921e-01	1.082291622212568e-01	
9.000002758620689e-10	1.300000063157895e+00	2.719535047660434e-01	1.149456566028600e-01	
1.000000310344828e-09	1.000000000000000e-01	0.000000000000000e+00	0.000000000000000e+00	
9.000002758620689e-10	1.400000068421052e+00	2.118959785954157e-01	1.284392991759228e-01	
1.000000310344828e-09	2.000000052631579e-01	0.000000000000000e+00	0.000000000000000e+00	
1.000000310344828e-09	3.000000105263158e-01	0.000000000000000e+00	0.000000000000000e+00	
9.000002758620689e-10	1.500000073684210e+00	2.075585814872867e-01	1.404122640115347e-01	
1.000000310344828e-09	4.000000157894736e-01	0.000000000000000e+00	0.000000000000000e+00	
1.000000310344828e-09	5.000000210526315e-01	0.000000000000000e+00	0.000000000000000e+00	
9.000002758620689e-10	1.600000078947368e+00	1.523163183030161e-01	1.375456769052759e-01	
9.000002758620689e-10	1.700000084210526e+00	9.443538709761486e-02	1.262108835688597e-01	
9.000002758620689e-10	1.800000089473684e+00	1.140187291664257e-01	1.417229242361273e-01	
1.000000310344828e-09	6.000000263157893e-01	0.000000000000000e+00	0.000000000000000e+00	
9.000002758620689e-10	1.900000094736842e+00	6.788029842586588e-02	9.678679195841355e-02	
9.000002758620689e-10	2.000000100000000e+00	5.942143957237751e-02	9.642548722941165e-02	
1.000000310344828e-09	7.000000315789472e-01	0.000000000000000e+00	0.000000000000000e+00	
1.000000310344828e-09	1.000000047368421e+00	4.344654121868389e-01	8.697464986491206e-02	
1.000000310344828e-09	9.000000421052630e-01	3.776785184988196e-01	6.816306180442949e-02	
1.000000310344828e-09	8.000000368421051e-01	1.855203493252084e-01	1.637345464511555e-01	
1.000000310344828e-09	1.100000052631579e+00	4.375846146238745e-01	8.312170849515978e-02	
1.000000310344828e-09	1.200000057894737e+00	3.771492414542884e-01	1.227215544907160e-01	
1.000000310344828e-09	1.300000063157895e+00	2.772484025769454e-01	1.194136789054998e-01	
1.100000344827586e-09	1.000000000000000e-01	0.000000000000000e+00	0.000000000000000e+00	
1.000000310344828e-09	1.400000068421052e+00	1.970110872800505e-01	1.343879929936338e-01	
1.100000344827586e-09	2.000000052631579e-01	0.000000000000000e+00	0.000000000000000e+00	
1.100000344827586e-09	3.000000105263158e-01	0.000000000000000e+00	0.000000000000000e+00	
1.000000310344828e-09	1.500000073684210e+00	1.987879962107196e-01	1.427274799204264e-01	
1.000000310344828e-09	1.600000078947368e+00	1.576814237645464e-01	1.343426029359889e-01	
1.100000344827586e-09	4.000000157894736e-01	0.000000000000000e+00	0.000000000000000e+00	
1.100000344827586e-09	5.000000210526315e-01	0.000000000000000e+00	0.000000000000000e+00	
1.000000310344828e-09	1.700000084210526e+00	1.149210073890093e-01	1.284861339980237e-01	
1.000000310344828e-09	1.800000089473684e+00	1.107393474767233e-01	1.368022121857994e-01	
1.100000344827586e-09	6.000000263157893e-01	0.000000000000000e+00	0.000000000000000e+00	
1.000000310344828e-09	1.900000094736842e+00	5.883682579062087e-02	7.753867304043882e-02	
1.000000310344828e-09	2.000000100000000e+00	4.431737788158290e-02	7.234146582973720e-02	
1.100000344827586e-09	7.000000315789472e-01	0.000000000000000e+00	0.000000000000000e+00	
1.100000344827586e-09	8.000000368421051e-01	1.093124245362394e-01	1.671757046776683e-01	
1.100000344827586e-09	9.000000421052630e-01	3.896759895604741e-01	7.975680100271362e-02	
1.100000344827586e-09	1.000000047368421e+00	4.179698915573195e-01	7.591723371999827e-02	
1.100000344827586e-09	1.100000052631579e+00	4.232067163756286e-01	9.392239340104853e-02	
1.100000344827586e-09	1.200000057894737e+00	3.754732445170987e-01	9.370286869075345e-02	
1.100000344827586e-09	1.300000063157895e+00	2.857993817039090e-01	1.146133378461704e-01	
1.200000379310345e-09	1.000000000000000e-01	0.000000000000000e+00	0.000000000000000e+00	
1.200000379310345e-09	2.000000052631579e-01	0.000000000000000e+00	0.000000000000000e+00	
1.100000344827586e-09	1.400000068421052e+00	2.704432286565895e-01	1.487916456306180e-01	
1.200000379310345e-09	3.000000105263158e-01	0.000000000000000e+00	0.000000000000000e+00	
1.200000379310345e-09	4.000000157894736e-01	0.000000000000000e+00	0.000000000000000e+00	
1.200000379310345e-09	5.000000210526315e-01	0.000000000000000e+00	0.000000000000000e+00	
1.100000344827586e-09	1.500000073684210e+00	1.598527710090164e-01	1.334323925162556e-01	
1.100000344827586e-09	1.600000078947368e+00	1.395931892795347e-01	1.596380168898441e-01	
1.100000344827586e-09	1.700000084210526e+00	1.234178291056556e-01	1.566575685401329e-01	
1.100000344827586e-09	1.800000089473684e+00	9.989050049533460e-02	1.104612547731318e-01	
1.200000379310345e-09	6.000000263157893e-01	0.000000000000000e+00	0.000000000000000e+00	
1.100000344827586e-09	1.900000094736842e+00	9.884876662961950e-02	1.288940898536146e-01	
1.100000344827586e-09	2.000000100000000e+00	4.336848902271111e-02	7.311120423629040e-02	
1.200000379310345e-09	7.000000315789472e-01	0.000000000000000e+00	0.000000000000000e+00	
1.200000379310345e-09	1.100000052631579e+00	4.411094822404816e-01	8.606237027731069e-02	
1.200000379310345e-09	1.000000047368421e+00	4.219857460821902e-01	7.669702691737203e-02	
1.200000379310345e-09	9.000000421052630e-01	2.978135652205006e-01	1.372524531371698e-01	
1.200000379310345e-09	8.000000368421051e-01	3.793892040574802e-02	1.138350863975758e-01	
1.200000379310345e-09	1.200000057894737e+00	3.777421207114105e-01	8.968614060105667e-02	
1.200000379310345e-09	1.300000063157895e+00	2.618348358859251e-01	1.156415939309065e-01	
1.200000379310345e-09	1.400000068421052e+00	2.422619503417559e-01	1.071427553711498e-01	
1.300000413793104e-09	1.000000000000000e-01	0.000000000000000e+00	0.000000000000000e+00	
1.300000413793104e-09	2.000000052631579e-01	0.000000000000000e+00	0.000000000000000e+00	
1.300000413793104e-09	3.000000105263158e-01	0.000000000000000e+00	0.000000000000000e+00	
1.300000413793104e-09	4.000000157894736e-01	0.000000000000000e+00	0.000000000000000e+00	
1.300000413793104e-09	5.000000210526315e-01	0.000000000000000e+00	0.000000000000000e+00	
1.300000413793104e-09	6.000000263157893e-01	0.000000000000000e+00	0.000000000000000e+00	
1.200000379310345e-09	1.500000073684210e+00	1.989886306449142e-01	1.475452087265776e-01	
1.200000379310345e-09	1.600000078947368e+00	1.416306970105633e-01	1.513790012247987e-01	
1.200000379310345e-09	1.700000084210526e+00	1.215378815416894e-01	1.349199235133340e-01	
1.200000379310345e-09	1.800000089473684e+00	8.638425253466672e-02	1.136753157120941e-01	
1.200000379310345e-09	1.900000094736842e+00	7.677234127757165e-02	8.353119463498741e-02	
1.300000413793104e-09	7.000000315789472e-01	0.000000000000000e+00	0.000000000000000e+00	
1.200000379310345e-09	2.000000100000000e+00	7.319675654673559e-02	9.792777908059669e-02	
1.300000413793104e-09	1.100000052631579e+00	3.911555416576756e-01	8.670410643244145e-02	
1.300000413793104e-09	1.000000047368421e+00	4.196292024720675e-01	8.077908781504883e-02	
1.300000413793104e-09	8.000000368421051e-01	1.497648764806795e-02	6.528099618711330e-02	
1.300000413793104e-09	9.000000421052630e-01	2.416493105529567e-01	1.855232103592768e-01	
1.300000413793104e-09	1.300000063157895e+00	2.420782250445375e-01	9.047879778871093e-02	
1.300000413793104e-09	1.200000057894737e+00	3.207517342165873e-01	1.077720355643782e-01	
1.400000448275862e-09	1.000000000000000e-01	0.000000000000000e+00	0.000000000000000e+00	
1.300000413793104e-09	1.400000068421052e+00	2.451623607972155e-01	1.347074117004039e-01	
1.400000448275862e-09	2.000000052631579e-01	0.000000000000000e+00	0.000000000000000e+00	
1.400000448275862e-09	3.000000105263158e-01	0.000000000000000e+00	0.000000000000000e+00	
1.400000448275862e-09	4.000000157894736e-01	0.000000000000000e+00	0.000000000000000e+00	
1.400000448275862e-09	5.000000210526315e-01	0.000000000000000e+00	0.000000000000000e+00	
1.400000448275862e-09	6.000000263157893e-01	0.000000000000000e+00	0.000000000000000e+00	
1.300000413793104e-09	1.500000073684210e+00	1.349103340612984e-01	1.018623022322988e-01	
1.300000413793104e-09	1.600000078947368e+00	1.095458895638892e-01	1.073579394339144e-01	
1.300000413793104e-09	1.700000084210526e+00	8.627247373960503e-02	1.133274035533296e-01	
1.300000413793104e-09	1.800000089473684e+00	1.012935474196944e-01	1.129837258615228e-01	
1.300000413793104e-09	1.900000094736842e+00	7.413257169142848e-02	1.254274852757236e-01	
1.400000448275862e-09	7.000000315789472e-01	0.000000000000000e+00	0.000000000000000e+00	
1.300000413793104e-09	2.000000100000000e+00	6.692978576487144e-02	8.147095455743479e-02	
1.400000448275862e-09	1.200000057894737e+00	3.307316919979964e-01	8.836558242853829e-02	
1.400000448275862e-09	1.300000063157895e+00	2.840759512730441e-01	1.090878994715556e-01	
1.400000448275862e-09	1.100000052631579e+00	3.946762574827360e-01	7.131519396352669e-02	
1.400000448275862e-09	8.000000368421051e-01	0.000000000000000e+00	0.000000000000000e+00	
1.400000448275862e-09	1.000000047368421e+00	3.726438531075947e-01	9.059868664230195e-02	
1.400000448275862e-09	9.000000421052630e-01	1.602146487893186e-01	1.812369386798577e-01	
1.500000482758621e-09	1.000000000000000e-01	0.000000000000000e+00	0.000000000000000e+00	
1.400000448275862e-09	1.400000068421052e+00	2.062700069353253e-01	1.237634709221961e-01	
1.500000482758621e-09	2.000000052631579e-01	0.000000000000000e+00	0.000000000000000e+00	
1.500000482758621e-09	3.000000105263158e-01	0.000000000000000e+00	0.000000000000000e+00	
1.500000482758621e-09	4.000000157894736e-01	0.000000000000000e+00	0.000000000000000e+00	
1.500000482758621e-09	5.000000210526315e-01	0.000000000000000e+00	0.000000000000000e+00	
1.500000482758621e-09	6.000000263157893e-01	0.000000000000000e+00	0.000000000000000e+00	
1.400000448275862e-09	1.500000073684210e+00	1.626069484101870e-01	1.289980232612035e-01	
1.400000448275862e-09	1.600000078947368e+00	1.459620345045814e-01	1.472018457008908e-01	
1.400000448275862e-09	1.700000084210526e+00	9.066639204025279e-02	1.127560744093361e-01	
1.400000448275862e-09	1.800000089473684e+00	1.077856974850853e-01	1.328084974353124e-01	
1.500000482758621e-09	7.000000315789472e-01	0.000000000000000e+00	0.000000000000000e+00	
1.400000448275862e-09	1.900000094736842e+00	7.759041958059226e-02	9.714488448104619e-02	
1.400000448275862e-09	2.000000100000000e+00	7.649013188853473e-02	9.484422669948668e-02	
1.500000482758621e-09	8.000000368421051e-01	0.000000000000000e+00	0.000000000000000e+00	
1.500000482758621e-09	1.300000063157895e+00	2.578409702783570e-01	8.079229616941344e-02	
1.500000482758621e-09	1.200000057894737e+00	3.182269178514526e-01	7.456686075187730e-02	
1.500000482758621e-09	1.100000052631579e+00	3.986700561781079e-01	8.889873625969552e-02	
1.500000482758621e-09	1.400000068421052e+00	2.057654657868208e-01	7.324757413556048e-02	
1.500000482758621e-09	9.000000421052630e-01	7.248567572654249e-02	1.451699652751954e-01	
1.600000517241379e-09	1.000000000000000e-01	0.000000000000000e+00	0.000000000000000e+00	
1.500000482758621e-09	1.000000047368421e+00	3.210485969109454e-01	1.455004374383214e-01	
1.600000517241379e-09	2.000000052631579e-01	0.000000000000000e+00	0.000000000000000e+00	
1.600000517241379e-09	3.000000105263158e-01	0.000000000000000e+00	0.000000000000000e+00	
1.600000517241379e-09	4.000000157894736e-01	0.000000000000000e+00	0.000000000000000e+00	
1.600000517241379e-09	5.000000210526315e-01	0.000000000000000e+00	0.000000000000000e+00	
1.600000517241379e-09	6.000000263157893e-01	0.000000000000000e+00	0.000000000000000e+00	
1.500000482758621e-09	1.500000073684210e+00	1.861885540745440e-01	1.307601654660876e-01	
1.600000517241379e-09	7.000000315789472e-01	0.000000000000000e+00	0.000000000000000e+00	
1.600000517241379e-09	8.000000368421051e-01	0.000000000000000e+00	0.000000000000000e+00	
1.500000482758621e-09	1.600000078947368e+00	1.451665479474896e-01	1.114552675099349e-01	
1.500000482758621e-09	1.700000084210526e+00	1.147108130544912e-01	1.182843136320288e-01	
1.500000482758621e-09	1.800000089473684e+00	8.490165306875272e-02	1.216563667163489e-01	
1.500000482758621e-09	1.900000094736842e+00	8.699979415362065e-02	1.263916048994253e-01	
1.500000482758621e-09	2.000000100000000e+00	6.593709232105591e-02	7.847760399659172e-02	
1.600000517241379e-09	9.000000421052630e-01	4.118761176346893e-02	1.258274408050661e-01	
1.600000517241379e-09	1.300000063157895e+00	2.544666611630576e-01	9.510323302162901e-02	
1.600000517241379e-09	1.400000068421052e+00	2.462908804390468e-01	1.609092074580980e-01	
1.600000517241379e-09	1.000000047368421e+00	2.623929497494060e-01	1.828911137053523e-01	
1.700000551724138e-09	1.000000000000000e-01	0.000000000000000e+00	0.000000000000000e+00	
1.600000517241379e-09	1.200000057894737e+00	3.178247559317723e-01	5.950519360562123e-02	
1.600000517241379e-09	1.100000052631579e+00	3.759707866256089e-01	7.920485624235216e-02	
1.700000551724138e-09	2.000000052631579e-01	0.000000000000000e+00	0.000000000000000e+00	
1.700000551724138e-09	3.000000105263158e-01	0.000000000000000e+00	0.000000000000000e+00	
1.700000551724138e-09	4.000000157894736e-01	0.000000000000000e+00	0.000000000000000e+00	
1.700000551724138e-09	5.000000210526315e-01	0.000000000000000e+00	0.000000000000000e+00	
1.700000551724138e-09	6.000000263157893e-01	0.000000000000000e+00	0.000000000000000e+00	
1.600000517241379e-09	1.500000073684210e+00	1.486273126687919e-01	1.130401262138169e-01	
1.700000551724138e-09	7.000000315789472e-01	0.000000000000000e+00	0.000000000000000e+00	
1.600000517241379e-09	1.600000078947368e+00	1.030102115693331e-01	1.042042899128546e-01	
1.600000517241379e-09	1.700000084210526e+00	9.255510053910784e-02	1.076262443595759e-01	
1.600000517241379e-09	1.800000089473684e+00	6.514596857051844e-02	9.186212610178833e-02	
1.600000517241379e-09	1.900000094736842e+00	8.409353303739894e-02	1.105606200690032e-01	
1.600000517241379e-09	2.000000100000000e+00	5.500694656816062e-02	9.380688324221406e-02	
1.700000551724138e-09	8.000000368421051e-01	0.000000000000000e+00	0.000000000000000e+00	
1.700000551724138e-09	9.000000421052630e-01	8.375446191611025e-02	1.696654684734595e-01	
1.700000551724138e-09	1.000000047368421e+00	2.454342317937399e-01	1.878981902713238e-01	
1.700000551724138e-09	1.400000068421052e+00	1.729508511507528e-01	7.991309952995188e-02	
1.700000551724138e-09	1.300000063157895e+00	2.349934816494560e-01	9.617793071223522e-02	
1.800000586206896e-09	1.000000000000000e-01	0.000000000000000e+00	0.000000000000000e+00	
1.800000586206896e-09	2.000000052631579e-01	0.000000000000000e+00	0.000000000000000e+00	
1.700000551724138e-09	1.200000057894737e+00	2.845816646848248e-01	9.069818613668551e-02	
1.800000586206896e-09	3.000000105263158e-01	0.000000000000000e+00	0.000000000000000e+00	
1.700000551724138e-09	1.100000052631579e+00	3.388474474401756e-01	9.495486214420321e-02	
1.800000586206896e-09	4.000000157894736e-01	0.000000000000000e+00	0.000000000000000e+00	
1.800000586206896e-09	5.000000210526315e-01	0.000000000000000e+00	0.000000000000000e+00	
1.700000551724138e-09	1.500000073684210e+00	1.665658065981866e-01	8.945044889515563e-02	
1.800000586206896e-09	6.000000263157893e-01	0.000000000000000e+00	0.000000000000000e+00	
1.800000586206896e-09	7.000000315789472e-01	0.000000000000000e+00	0.000000000000000e+00	
1.800000586206896e-09	8.000000368421051e-01	0.000000000000000e+00	0.000000000000000e+00	
1.700000551724138e-09	1.600000078947368e+00	1.224050780193277e-01	1.069435202735596e-01	
1.700000551724138e-09	1.700000084210526e+00	1.310779279836470e-01	1.246744735078534e-01	
1.700000551724138e-09	1.800000089473684e+00	1.093057032980070e-01	1.182015316693713e-01	
1.700000551724138e-09	1.900000094736842e+00	5.184575972975412e-02	7.249291055060914e-02	
1.700000551724138e-09	2.000000100000000e+00	4.542023906643928e-02	8.672214635522392e-02	
1.800000586206896e-09	9.000000421052630e-01	0.000000000000000e+00	0.000000000000000e+00	
1.800000586206896e-09	1.000000047368421e+00	1.481208098882289e-01	1.877799494237836e-01	
1.800000586206896e-09	1.100000052631579e+00	3.489405895724728e-01	8.905089121773382e-02	
1.900000620689655e-09	1.000000000000000e-01	0.000000000000000e+00	0.000000000000000e+00	
1.900000620689655e-09	2.000000052631579e-01	0.000000000000000e+00	0.000000000000000e+00	
1.800000586206896e-09	1.200000057894737e+00	2.964763756876251e-01	7.945673974156110e-02	
1.900000620689655e-09	3.000000105263158e-01	0.000000000000000e+00	0.000000000000000e+00	
1.800000586206896e-09	1.500000073684210e+00	1.447030517258098e-01	8.645822739618345e-02	
1.800000586206896e-09	1.300000063157895e+00	2.469914743082816e-01	1.040681536692519e-01	
1.900000620689655e-09	4.000000157894736e-01	0.000000000000000e+00	0.000000000000000e+00	
1.900000620689655e-09	5.000000210526315e-01	0.000000000000000e+00	0.000000000000000e+00	
1.800000586206896e-09	1.400000068421052e+00	1.638915005041170e-01	8.589480338638136e-02	
1.900000620689655e-09	6.000000263157893e-01	0.000000000000000e+00	0.000000000000000e+00	
1.900000620689655e-09	7.000000315789472e-01	0.000000000000000e+00	0.000000000000000e+00	
1.900000620689655e-09	8.000000368421051e-01	0.000000000000000e+00	0.000000000000000e+00	
1.800000586206896e-09	1.600000078947368e+00	1.193675023547131e-01	9.988647988163084e-02	
1.800000586206896e-09	1.700000084210526e+00	8.086720044503112e-02	9.372842077023222e-02	
1.800000586206896e-09	1.800000089473684e+00	8.428100469839406e-02	9.674398154039536e-02	
1.800000586206896e-09	1.900000094736842e+00	5.321872966010018e-02	6.471135724624101e-02	
1.800000586206896e-09	2.000000100000000e+00	6.347206779710249e-02	7.196191881908495e-02	
1.900000620689655e-09	9.000000421052630e-01	0.000000000000000e+00	0.000000000000000e+00	
1.900000620689655e-09	1.000000047368421e+00	1.643887763941107e-01	2.025243880074080e-01	
1.900000620689655e-09	1.100000052631579e+00	3.076196892773305e-01	1.223063214588724e-01	
2.000000655172414e-09	1.000000000000000e-01	0.000000000000000e+00	0.000000000000000e+00	
2.000000655172414e-09	2.000000052631579e-01	0.000000000000000e+00	0.000000000000000e+00	
1.900000620689655e-09	1.200000057894737e+00	2.900492377421423e-01	9.759618660243902e-02	
2.000000655172414e-09	3.000000105263158e-01	0.000000000000000e+00	0.000000000000000e+00	
2.000000655172414e-09	4.000000157894736e-01	0.000000000000000e+00	0.000000000000000e+00	
1.900000620689655e-09	1.500000073684210e+00	1.119508187412220e-01	6.697832255998583e-02	
1.900000620689655e-09	1.300000063157895e+00	2.006636457504596e-01	7.782314630581418e-02	
2.000000655172414e-09	5.000000210526315e-01	0.000000000000000e+00	0.000000000000000e+00	
1.900000620689655e-09	1.400000068421052e+00	1.929348742817016e-01	9.053227831010623e-02	
2.000000655172414e-09	6.000000263157893e-01	0.000000000000000e+00	0.000000000000000e+00	
2.000000655172414e-09	7.000000315789472e-01	0.000000000000000e+00	0.000000000000000e+00	
2.000000655172414e-09	8.000000368421051e-01	0.000000000000000e+00	0.000000000000000e+00	
1.900000620689655e-09	1.600000078947368e+00	1.242713688087732e-01	9.560285525378948e-02	
1.900000620689655e-09	1.700000084210526e+00	8.457239256056638e-02	8.679598642784420e-02	
1.900000620689655e-09	1.800000089473684e+00	7.787058092124513e-02	8.548422622975975e-02	
1.900000620689655e-09	1.900000094736842e+00	6.825199849709263e-02	8.783446576666408e-02	
1.900000620689655e-09	2.000000100000000e+00	4.057531137468055e-02	8.465818655071486e-02	
2.000000655172414e-09	9.000000421052630e-01	0.000000000000000e+00	0.000000000000000e+00	
2.000000655172414e-09	1.000000047368421e+00	4.412477892961576e-02	1.323827047227215e-01	
2.000000655172414e-09	1.100000052631579e+00	2.357576131921499e-01	1.350331123672137e-01	
2.000000655172414e-09	1.200000057894737e+00	2.519754649356645e-01	6.596075543462275e-02	
2.000000655172414e-09	1.300000063157895e+00	1.963572165407302e-01	6.909792823128548e-02	
2.100000689655173e-09	1.000000000000000e-01	0.000000000000000e+00	0.000000000000000e+00	
2.100000689655173e-09	2.000000052631579e-01	0.000000000000000e+00	0.000000000000000e+00	
2.100000689655173e-09	3.000000105263158e-01	0.000000000000000e+00	0.000000000000000e+00	
2.000000655172414e-09	1.400000068421052e+00	1.875718883075999e-01	6.800951164367242e-02	
2.000000655172414e-09	1.500000073684210e+00	1.198243383912395e-01	8.579599824882050e-02	
2.100000689655173e-09	4.000000157894736e-01	0.000000000000000e+00	0.000000000000000e+00	
2.100000689655173e-09	5.000000210526315e-01	0.000000000000000e+00	0.000000000000000e+00	
2.000000655172414e-09	1.600000078947368e+00	6.699503369255509e-02	7.067294753212756e-02	
2.100000689655173e-09	6.000000263157893e-01	0.000000000000000e+00	0.000000000000000e+00	
2.100000689655173e-09	8.000000368421051e-01	0.000000000000000e+00	0.000000000000000e+00	
2.100000689655173e-09	7.000000315789472e-01	0.000000000000000e+00	0.000000000000000e+00	
2.000000655172414e-09	1.700000084210526e+00	6.693479827526293e-02	8.059031293182320e-02	
2.000000655172414e-09	1.800000089473684e+00	6.161627984095136e-02	5.943728052087607e-02	
2.000000655172414e-09	1.900000094736842e+00	4.251514838620465e-02	5.987014490195977e-02	
2.000000655172414e-09	2.000000100000000e+00	5.339016386554091e-02	6.970216576171030e-02	
2.100000689655173e-09	9.000000421052630e-01	2.326084053255553e-02	1.013916532232244e-01	
2.100000689655173e-09	1.000000047368421e+00	8.914027629102698e-02	1.575285444225769e-01	
2.100000689655173e-09	1.100000052631579e+00	2.636903926669065e-01	1.194353978730194e-01	
2.100000689655173e-09	1.200000057894737e+00	2.366703356265888e-01	6.984885148345953e-02	
2.100000689655173e-09	1.300000063157895e+00	1.848321342603225e-01	7.095931872062522e-02	
2.200000724137931e-09	1.000000000000000e-01	0.000000000000000e+00	0.000000000000000e+00	
2.200000724137931e-09	2.000000052631579e-01	0.000000000000000e+00	0.000000000000000e+00	
2.100000689655173e-09	1.400000068421052e+00	1.501727330658932e-01	7.609038041025143e-02	
2.200000724137931e-09	3.000000105263158e-01	0.000000000000000e+00	0.000000000000000e+00	
2.200000724137931e-09	4.000000157894736e-01	0.000000000000000e+00	0.000000000000000e+00	
2.200000724137931e-09	5.000000210526315e-01	0.000000000000000e+00	0.000000000000000e+00	
2.100000689655173e-09	1.500000073684210e+00	1.440627605852499e-01	7.535971468279525e-02	
2.200000724137931e-09	6.000000263157893e-01	0.000000000000000e+00	0.000000000000000e+00	
2.100000689655173e-09	1.600000078947368e+00	1.002027026049995e-01	8.617692481859465e-02	
2.200000724137931e-09	7.000000315789472e-01	0.000000000000000e+00	0.000000000000000e+00	
2.200000724137931e-09	8.000000368421051e-01	0.000000000000000e+00	0.000000000000000e+00	
2.100000689655173e-09	1.700000084210526e+00	7.621290984092285e-02	7.122668336765750e-02	
2.100000689655173e-09	1.800000089473684e+00	6.144354974091897e-02	7.766429428063748e-02	
2.100000689655173e-09	1.900000094736842e+00	6.306462716102026e-02	7.402507064338071e-02	
2.100000689655173e-09	2.000000100000000e+00	2.535734105327161e-02	4.420989160266151e-02	
2.200000724137931e-09	9.000000421052630e-01	0.000000000000000e+00	0.000000000000000e+00	
2.200000724137931e-09	1.000000047368421e+00	5.031479456503546e-02	1.199568521232165e-01	
2.200000724137931e-09	1.100000052631579e+00	1.484967561141405e-01	1.451662026156529e-01	
2.200000724137931e-09	1.200000057894737e+00	1.844873176836389e-01	1.059404408864788e-01	
2.200000724137931e-09	1.300000063157895e+00	1.757692155898128e-01	8.742823162992226e-02	
2.200000724137931e-09	1.400000068421052e+00	1.397680915329376e-01	6.038122558616184e-02	
2.300000758620690e-09	1.000000000000000e-01	0.000000000000000e+00	0.000000000000000e+00	
2.300000758620690e-09	2.000000052631579e-01	0.000000000000000e+00	0.000000000000000e+00	
2.300000758620690e-09	3.000000105263158e-01	0.000000000000000e+00	0.000000000000000e+00	
2.300000758620690e-09	4.000000157894736e-01	0.000000000000000e+00	0.000000000000000e+00	
2.300000758620690e-09	5.000000210526315e-01	0.000000000000000e+00	0.000000000000000e+00	
2.200000724137931e-09	1.600000078947368e+00	8.005606006267488e-02	5.771690623956947e-02	
2.200000724137931e-09	1.500000073684210e+00	1.201375968973764e-01	6.248227520575596e-02	
2.300000758620690e-09	6.000000263157893e-01	0.000000000000000e+00	0.000000000000000e+00	
2.300000758620690e-09	7.000000315789472e-01	0.000000000000000e+00	0.000000000000000e+00	
2.300000758620690e-09	8.000000368421051e-01	0.000000000000000e+00	0.000000000000000e+00	
2.300000758620690e-09	9.000000421052630e-01	0.000000000000000e+00	0.000000000000000e+00	
2.200000724137931e-09	1.700000084210526e+00	6.933098205107999e-02	7.212025039285783e-02	
2.200000724137931e-09	1.800000089473684e+00	6.132764138944593e-02	7.281397908902551e-02	
2.200000724137931e-09	1.900000094736842e+00	5.466070043026929e-02	6.967332616829237e-02	
2.200000724137931e-09	2.000000100000000e+00	3.314837228655596e-02	5.677017248249169e-02	
2.300000758620690e-09	1.000000047368421e+00	3.337566764434043e-02	1.001991097460164e-01	
2.300000758620690e-09	1.100000052631579e+00	1.177712722518270e-01	1.471361780893553e-01	
2.300000758620690e-09	1.200000057894737e+00	1.853561208542383e-01	1.063357833140298e-01	
2.300000758620690e-09	1.300000063157895e+00	1.845253082334697e-01	7.217224295021127e-02	
2.400000793103448e-09	1.000000000000000e-01	0.000000000000000e+00	0.000000000000000e+00	
2.300000758620690e-09	1.400000068421052e+00	1.082168478164192e-01	6.232132741816536e-02	
2.400000793103448e-09	2.000000052631579e-01	0.000000000000000e+00	0.000000000000000e+00	
2.400000793103448e-09	3.000000105263158e-01	0.000000000000000e+00	0.000000000000000e+00	
2.400000793103448e-09	4.000000157894736e-01	0.000000000000000e+00	0.000000000000000e+00	
2.400000793103448e-09	5.000000210526315e-01	0.000000000000000e+00	0.000000000000000e+00	
2.300000758620690e-09	1.500000073684210e+00	9.739093151769547e-02	5.630687309244589e-02	
2.300000758620690e-09	1.600000078947368e+00	5.974390559963980e-02	7.129104364442745e-02	
2.400000793103448e-09	6.000000263157893e-01	0.000000000000000e+00	0.000000000000000e+00	
2.400000793103448e-09	7.000000315789472e-01	0.000000000000000e+00	0.000000000000000e+00	
2.400000793103448e-09	8.000000368421051e-01	0.000000000000000e+00	0.000000000000000e+00	
2.300000758620690e-09	1.700000084210526e+00	7.140811910450362e-02	7.500806431976569e-02	
2.400000793103448e-09	9.000000421052630e-01	0.000000000000000e+00	0.000000000000000e+00	
2.300000758620690e-09	1.800000089473684e+00	5.228287339962886e-02	5.374918615866694e-02	
2.300000758620690e-09	1.900000094736842e+00	4.276956522995122e-02	5.787390475670680e-02	
2.300000758620690e-09	2.000000100000000e+00	4.489994668975657e-02	7.257522342348981e-02	
2.400000793103448e-09	1.000000047368421e+00	1.626012965919191e-02	7.087626199328600e-02	
2.400000793103448e-09	1.100000052631579e+00	7.360547311703534e-02	1.298561099466270e-01	
2.400000793103448e-09	1.200000057894737e+00	1.959269132040757e-01	1.009585769935179e-01	
2.400000793103448e-09	1.300000063157895e+00	1.542308581026846e-01	7.445926115869489e-02	
2.500000827586207e-09	1.000000000000000e-01	0.000000000000000e+00	0.000000000000000e+00	
2.500000827586207e-09	2.000000052631579e-01	0.000000000000000e+00	0.000000000000000e+00	
2.400000793103448e-09	1.400000068421052e+00	1.236424463841037e-01	7.603934237808885e-02	
2.500000827586207e-09	3.000000105263158e-01	0.000000000000000e+00	0.000000000000000e+00	
2.500000827586207e-09	4.000000157894736e-01	0.000000000000000e+00	0.000000000000000e+00	
2.500000827586207e-09	5.000000210526315e-01	0.000000000000000e+00	0.000000000000000e+00	
2.400000793103448e-09	1.500000073684210e+00	8.178208553172875e-02	8.604896418228823e-02	
2.500000827586207e-09	6.000000263157893e-01	0.000000000000000e+00	0.000000000000000e+00	
2.400000793103448e-09	1.600000078947368e+00	7.624491171710598e-02	7.829233175551104e-02	
2.500000827586207e-09	7.000000315789472e-01	0.000000000000000e+00	0.000000000000000e+00	
2.500000827586207e-09	8.000000368421051e-01	0.000000000000000e+00	0.000000000000000e+00	
2.400000793103448e-09	1.700000084210526e+00	8.127794197905196e-02	6.910813309506134e-02	
2.400000793103448e-09	1.800000089473684e+00	4.956509754108557e-02	5.564858420961684e-02	
2.500000827586207e-09	9.000000421052630e-01	0.000000000000000e+00	0.000000000000000e+00	
2.400000793103448e-09	1.900000094736842e+00	6.906892592498542e-02	6.608290914383200e-02	
2.400000793103448e-09	2.000000100000000e+00	3.116030779057681e-02	5.184860462380488e-02	
2.500000827586207e-09	1.000000047368421e+00	0.000000000000000e+00	0.000000000000000e+00	
2.500000827586207e-09	1.100000052631579e+00	7.640995711757340e-02	1.185945923765552e-01	
2.500000827586207e-09	1.200000057894737e+00	1.437415611598675e-01	9.400640930683890e-02	
2.500000827586207e-09	1.300000063157895e+00	1.765188080972174e-01	8.071079394078745e-02	
2.600000862068965e-09	1.000000000000000e-01	0.000000000000000e+00	0.000000000000000e+00	
2.600000862068965e-09	2.000000052631579e-01	0.000000000000000e+00	0.000000000000000e+00	
2.600000862068965e-09	3.000000105263158e-01	0.000000000000000e+00	0.000000000000000e+00	
2.600000862068965e-09	4.000000157894736e-01	0.000000000000000e+00	0.000000000000000e+00	
2.500000827586207e-09	1.400000068421052e+00	1.350205091056965e-01	8.411094379106425e-02	
2.600000862068965e-09	5.000000210526315e-01	0.000000000000000e+00	0.000000000000000e+00	
2.500000827586207e-09	1.500000073684210e+00	7.166874602935794e-02	5.872077996554419e-02	
2.500000827586207e-09	1.600000078947368e+00	7.253082437959657e-02	6.883720554367539e-02	
2.600000862068965e-09	6.000000263157893e-01	0.000000000000000e+00	0.000000000000000e+00	
2.600000862068965e-09	7.000000315789472e-01	0.000000000000000e+00	0.000000000000000e+00	
2.600000862068965e-09	8.000000368421051e-01	0.000000000000000e+00	0.000000000000000e+00	
2.500000827586207e-09	1.700000084210526e+00	5.732719553420238e-02	5.881920101170728e-02	
2.500000827586207e-09	1.800000089473684e+00	5.661690050491117e-02	8.023154266029393e-02	
2.600000862068965e-09	9.000000421052630e-01	0.000000000000000e+00	0.000000000000000e+00	
2.500000827586207e-09	1.900000094736842e+00	7.119071064736683e-02	7.916609230006298e-02	
2.500000827586207e-09	2.000000100000000e+00	4.106645151781958e-02	6.624192410651487e-02	
2.600000862068965e-09	1.000000047368421e+00	0.000000000000000e+00	0.000000000000000e+00	
2.600000862068965e-09	1.100000052631579e+00	2.015001918171380e-02	8.783189732349661e-02	
2.600000862068965e-09	1.200000057894737e+00	1.435042991769395e-01	9.757448047780257e-02	
2.600000862068965e-09	1.300000063157895e+00	1.651229976803883e-01	7.292953307729226e-02	
2.700000896551724e-09	1.000000000000000e-01	0.000000000000000e+00	0.000000000000000e+00	
2.700000896551724e-09	2.000000052631579e-01	0.000000000000000e+00	0.000000000000000e+00	
2.700000896551724e-09	3.000000105263158e-01	0.000000000000000e+00	0.000000000000000e+00	
2.700000896551724e-09	4.000000157894736e-01	0.000000000000000e+00	0.000000000000000e+00	
2.600000862068965e-09	1.400000068421052e+00	1.128427137971631e-01	6.510769911349912e-02	
2.700000896551724e-09	5.000000210526315e-01	0.000000000000000e+00	0.000000000000000e+00	
2.600000862068965e-09	1.500000073684210e+00	8.517671542681352e-02	5.606469408080683e-02	
2.700000896551724e-09	6.000000263157893e-01	0.000000000000000e+00	0.000000000000000e+00	
2.600000862068965e-09	1.600000078947368e+00	9.629219411789842e-02	9.406699082501915e-02	
2.600000862068965e-09	1.700000084210526e+00	7.742953137650840e-02	6.089467852470441e-02	
2.700000896551724e-09	7.000000315789472e-01	0.000000000000000e+00	0.000000000000000e+00	
2.700000896551724e-09	8.000000368421051e-01	0.000000000000000e+00	0.000000000000000e+00	
2.700000896551724e-09	9.000000421052630e-01	0.000000000000000e+00	0.000000000000000e+00	
2.600000862068965e-09	1.800000089473684e+00	5.577165134641619e-02	6.560441575439577e-02	
2.600000862068965e-09	1.900000094736842e+00	3.149879227796877e-02	5.089068533856583e-02	
2.600000862068965e-09	2.000000100000000e+00	4.046737561789591e-02	6.276304692855016e-02	
2.700000896551724e-09	1.100000052631579e+00	7.919347158871240e-02	1.254114120133931e-01	
2.700000896551724e-09	1.000000047368421e+00	1.395166114330167e-02	6.081388101817511e-02	
2.700000896551724e-09	1.200000057894737e+00	9.285032715528288e-02	1.134000147726957e-01	
2.700000896551724e-09	1.300000063157895e+00	1.482196622203515e-01	5.785166338823439e-02	
2.800000931034482e-09	1.000000000000000e-01	0.000000000000000e+00	0.000000000000000e+00	
2.700000896551724e-09	1.400000068421052e+00	9.074789020168611e-02	5.862536681015152e-02	
2.800000931034482e-09	2.000000052631579e-01	0.000000000000000e+00	0.000000000000000e+00	
2.800000931034482e-09	3.000000105263158e-01	0.000000000000000e+00	0.000000000000000e+00	
2.800000931034482e-09	4.000000157894736e-01	0.000000000000000e+00	0.000000000000000e+00	
2.800000931034482e-09	5.000000210526315e-01	0.000000000000000e+00	0.000000000000000e+00	
2.700000896551724e-09	1.500000073684210e+00	1.023969333351034e-01	8.402280266126783e-02	
2.800000931034482e-09	6.000000263157893e-01	0.000000000000000e+00	0.000000000000000e+00	
2.700000896551724e-09	1.600000078947368e+00	7.883121952186392e-02	6.736691491916247e-02	
2.700000896551724e-09	1.700000084210526e+00	6.892542794634962e-02	5.476541392234469e-02	
2.800000931034482e-09	7.000000315789472e-01	0.000000000000000e+00	0.000000000000000e+00	
2.800000931034482e-09	8.000000368421051e-01	0.000000000000000e+00	0.000000000000000e+00	
2.800000931034482e-09	9.000000421052630e-01	0.000000000000000e+00	0.000000000000000e+00	
2.700000896551724e-09	1.800000089473684e+00	4.436269332973182e-02	5.437506810061960e-02	
2.700000896551724e-09	1.900000094736842e+00	5.157156321006986e-02	4.684044063448747e-02	
2.800000931034482e-09	1.000000047368421e+00	0.000000000000000e+00	0.000000000000000e+00	
2.700000896551724e-09	2.000000100000000e+00	4.181852958852121e-02	6.255181685621074e-02	
2.800000931034482e-09	1.100000052631579e+00	1.259166551469613e-02	5.488579750942648e-02	
2.800000931034482e-09	1.200000057894737e+00	6.853510021447287e-02	8.793403005155424e-02	
2.800000931034482e-09	1.300000063157895e+00	1.237418840783404e-01	8.627322758406723e-02	
2.900000965517241e-09	1.000000000000000e-01	0.000000000000000e+00	0.000000000000000e+00	
2.900000965517241e-09	2.000000052631579e-01	0.000000000000000e+00	0.000000000000000e+00	
2.900000965517241e-09	3.000000105263158e-01	0.000000000000000e+00	0.000000000000000e+00	
2.900000965517241e-09	4.000000157894736e-01	0.000000000000000e+00	0.000000000000000e+00	
2.900000965517241e-09	5.000000210526315e-01	0.000000000000000e+00	0.000000000000000e+00	
2.800000931034482e-09	1.500000073684210e+00	9.068157276901789e-02	5.665588107006083e-02	
2.800000931034482e-09	1.400000068421052e+00	8.042938574734947e-02	7.018769034559418e-02	
2.900000965517241e-09	6.000000263157893e-01	0.000000000000000e+00	0.000000000000000e+00	
2.800000931034482e-09	1.600000078947368e+00	6.388891672201898e-02	7.706150536899653e-02	
2.800000931034482e-09	1.700000084210526e+00	7.743227477300293e-02	5.881476934073672e-02	
2.900000965517241e-09	7.000000315789472e-01	0.000000000000000e+00	0.000000000000000e+00	
2.900000965517241e-09	8.000000368421051e-01	0.000000000000000e+00	0.000000000000000e+00	
2.900000965517241e-09	9.000000421052630e-01	0.000000000000000e+00	0.000000000000000e+00	
2.800000931034482e-09	1.800000089473684e+00	6.526243058072626e-02	7.628898472028496e-02	
2.800000931034482e-09	1.900000094736842e+00	5.812872640444292e-02	7.994244441396323e-02	
2.900000965517241e-09	1.000000047368421e+00	0.000000000000000e+00	0.000000000000000e+00	
2.800000931034482e-09	2.000000100000000e+00	2.900054659059468e-02	4.670133083086417e-02	
2.900000965517241e-09	1.100000052631579e+00	3.277989245332545e-02	8.277630050897974e-02	
2.900000965517241e-09	1.200000057894737e+00	5.367876093351207e-02	9.829424833901669e-02	
2.900000965517241e-09	1.300000063157895e+00	1.247769041451504e-01	6.712704273344981e-02	
3.000001000000000e-09	1.000000000000000e-01	0.000000000000000e+00	0.000000000000000e+00	
3.000001000000000e-09	2.000000052631579e-01	0.000000000000000e+00	0.000000000000000e+00	
3.000001000000000e-09	3.000000105263158e-01	0.000000000000000e+00	0.000000000000000e+00	
3.000001000000000e-09	4.000000157894736e-01	0.000000000000000e+00	0.000000000000000e+00	
2.900000965517241e-09	1.400000068421052e+00	1.214471130239349e-01	7.433098252677808e-02	
3.000001000000000e-09	5.000000210526315e-01	0.000000000000000e+00	0.000000000000000e+00	
2.900000965517241e-09	1.500000073684210e+00	7.788542728062671e-02	4.459332121023137e-02	
3.000001000000000e-09	6.000000263157893e-01	0.000000000000000e+00	0.000000000000000e+00	
2.900000965517241e-09	1.600000078947368e+00	6.558778076995650e-02	5.092027557887664e-02	
2.900000965517241e-09	1.700000084210526e+00	7.663476422732129e-02	6.078343578966854e-02	
3.000001000000000e-09	7.000000315789472e-01	0.000000000000000e+00	0.000000000000000e+00	
3.000001000000000e-09	8.000000368421051e-01	0.000000000000000e+00	0.000000000000000e+00	
3.000001000000000e-09	9.000000421052630e-01	0.000000000000000e+00	0.000000000000000e+00	
2.900000965517241e-09	1.800000089473684e+00	4.633529137998558e-02	5.612135854519216e-02	
2.900000965517241e-09	1.900000094736842e+00	4.744357634596008e-02	5.349637535146571e-02	
2.900000965517241e-09	2.000000100000000e+00	2.039942205354215e-02	3.989551343342848e-02	
3.000001000000000e-09	1.100000052631579e+00	4.396395944400841e-03	1.916344563743533e-02	
3.000001000000000e-09	1.000000047368421e+00	0.000000000000000e+00	0.000000000000000e+00	
3.000001000000000e-09	1.200000057894737e+00	4.330385850719583e-02	7.162130061148196e-02	
3.000001000000000e-09	1.300000063157895e+00	1.327602351163349e-01	7.128303765992682e-02	
3.000001000000000e-09	1.400000068421052e+00	9.986565102380787e-02	5.308548804300921e-02	
3.000001000000000e-09	1.500000073684210e+00	6.678798296742725e-02	5.681402391550260e-02	
3.000001000000000e-09	1.600000078947368e+00	5.707029050794095e-02	4.059814808657113e-02	
3.000001000000000e-09	1.700000084210526e+00	5.808892029066272e-02	5.170757889572697e-02	
3.000001000000000e-09	1.800000089473684e+00	4.359398007565761e-02	4.858856206050221e-02	
3.000001000000000e-09	1.900000094736842e+00	3.166255374931711e-02	3.638465172061109e-02	
3.000001000000000e-09	2.000000100000000e+00	3.436310192188595e-02	4.641540973228150e-02	
