1.000000000000000e-10	6.000000263157893e-01	1.509649689677794e-03	3.991034785661263e-04	
1.000000000000000e-10	3.000000105263158e-01	1.573892004477313e-03	5.491850415422094e-04	
1.000000000000000e-10	4.000000157894736e-01	1.530002728581270e-03	6.352779784310662e-04	
1.000000000000000e-10	5.000000210526315e-01	1.683359257212515e-03	5.806068427987631e-04	
1.000000000000000e-10	2.000000052631579e-01	1.567098565929241e-03	6.545427047172396e-04	
1.000000000000000e-10	1.000000000000000e-01	1.424152942033143e-03	5.516891965298653e-04	
1.000000000000000e-10	1.100000052631579e+00	3.841070530740287e-02	4.742782227793548e-03	
1.000000000000000e-10	1.000000047368421e+00	3.725626453637612e-02	5.014052255067524e-03	
1.000000000000000e-10	7.000000315789472e-01	1.206976270211816e-03	4.933429131714428e-04	
1.000000000000000e-10	8.000000368421051e-01	9.501379941391599e-04	3.950231618054325e-04	
1.000000000000000e-10	1.200000057894737e+00	3.981367787131397e-02	5.145403998767744e-03	
1.000000000000000e-10	9.000000421052630e-01	1.308942650551957e-02	5.006572803750288e-03	
1.000000000000000e-10	1.300000063157895e+00	3.935212197428942e-02	4.280204029832054e-03	
1.000000000000000e-10	1.400000068421052e+00	4.158306116958423e-02	5.631673683958836e-03	
1.000000000000000e-10	1.500000073684210e+00	4.212716401612473e-02	5.431694020442170e-03	
1.000000000000000e-10	1.600000078947368e+00	4.320731358738004e-02	5.555075551668754e-03	
1.000000000000000e-10	1.700000084210526e+00	4.276088781531834e-02	5.261664044356652e-03	
1.000000000000000e-10	1.800000089473684e+00	4.292344479216174e-02	5.055562281747039e-03	
1.000000000000000e-10	1.900000094736842e+00	4.365442963390008e-02	4.516407684126281e-03	
1.000000000000000e-10	2.000000100000000e+00	4.214014596489628e-02	5.481646123217984e-03	
2.000000344827586e-10	1.000000000000000e-01	9.244548499772572e-04	5.039171178610438e-04	
2.000000344827586e-10	2.000000052631579e-01	9.638728910569017e-04	6.008953080526857e-04	
2.000000344827586e-10	3.000000105263158e-01	1.059874391377820e-03	5.770008652818683e-04	
2.000000344827586e-10	4.000000157894736e-01	1.215029333630483e-03	5.597185951943745e-04	
2.000000344827586e-10	5.000000210526315e-01	1.323210418523499e-03	5.464777124105665e-04	
2.000000344827586e-10	6.000000263157893e-01	1.141478224387967e-03	4.926932126406286e-04	
2.000000344827586e-10	1.000000047368421e+00	7.379420526230723e-02	1.601729659927274e-02	
2.000000344827586e-10	1.100000052631579e+00	7.096869003011666e-02	1.356391064256742e-02	
2.000000344827586e-10	7.000000315789472e-01	8.263781919777391e-04	4.524475667267089e-04	
2.000000344827586e-10	9.000000421052630e-01	5.393501238256447e-02	1.337976466465792e-02	
2.000000344827586e-10	8.000000368421051e-01	4.941887701511201e-03	3.450739904229877e-03	
2.000000344827586e-10	1.200000057894737e+00	6.912550589417185e-02	1.079334471249532e-02	
2.000000344827586e-10	1.300000063157895e+00	7.957202726012416e-02	1.418890915126041e-02	
2.000000344827586e-10	1.400000068421052e+00	7.629223681904840e-02	1.436580675817826e-02	
2.000000344827586e-10	1.500000073684210e+00	6.985432842949046e-02	1.441042590385930e-02	
2.000000344827586e-10	1.600000078947368e+00	6.203239971106102e-02	1.174924329851755e-02	
2.000000344827586e-10	1.700000084210526e+00	5.481846702580384e-02	8.638327608189262e-03	
2.000000344827586e-10	1.800000089473684e+00	5.415879625705525e-02	7.358214886709394e-03	
2.000000344827586e-10	1.900000094736842e+00	5.098162235313441e-02	7.223141019430550e-03	
2.000000344827586e-10	2.000000100000000e+00	5.004493934325012e-02	7.203988033221205e-03	
3.000000689655172e-10	1.000000000000000e-01	7.089014352714084e-04	4.805156073967421e-04	
3.000000689655172e-10	2.000000052631579e-01	7.695872349393494e-04	5.434250418295883e-04	
3.000000689655172e-10	3.000000105263158e-01	7.685292637502186e-04	4.713557560099978e-04	
3.000000689655172e-10	4.000000157894736e-01	7.877490283817497e-04	4.640960052292961e-04	
3.000000689655172e-10	5.000000210526315e-01	9.492418742262203e-04	4.865305280781185e-04	
3.000000689655172e-10	6.000000263157893e-01	8.716802166529328e-04	4.678868497962712e-04	
3.000000689655172e-10	7.000000315789472e-01	5.587684029628207e-04	3.730801221328624e-04	
3.000000689655172e-10	8.000000368421051e-01	5.309928371511920e-03	9.919544309585408e-03	
3.000000689655172e-10	9.000000421052630e-01	3.581535867603013e-02	2.605431085694743e-02	
3.000000689655172e-10	1.000000047368421e+00	9.816781620356309e-02	4.553129432408384e-02	
3.000000689655172e-10	1.100000052631579e+00	1.306955501826647e-01	2.907105860319592e-02	
3.000000689655172e-10	1.200000057894737e+00	1.342409474918254e-01	1.752227494301781e-02	
3.000000689655172e-10	1.300000063157895e+00	1.376602581621741e-01	2.409325039428905e-02	
3.000000689655172e-10	1.400000068421052e+00	1.280759674577076e-01	1.865357530327117e-02	
3.000000689655172e-10	1.500000073684210e+00	1.135315942278979e-01	2.129682112568330e-02	
3.000000689655172e-10	1.600000078947368e+00	9.143111528235626e-02	1.663184243064602e-02	
3.000000689655172e-10	1.700000084210526e+00	7.832335174970960e-02	1.712383585528845e-02	
3.000000689655172e-10	1.800000089473684e+00	6.848387294854889e-02	1.470378027949246e-02	
3.000000689655172e-10	1.900000094736842e+00	6.332652587378415e-02	1.223159484991123e-02	
3.000000689655172e-10	2.000000100000000e+00	6.134858680438128e-02	9.359654431021014e-03	
4.000001034482759e-10	2.000000052631579e-01	5.747317005032384e-04	3.854479377202220e-04	
4.000001034482759e-10	1.000000000000000e-01	4.571390696622679e-04	3.654706680020584e-04	
4.000001034482759e-10	3.000000105263158e-01	6.451771475047574e-04	3.936707008895292e-04	
4.000001034482759e-10	4.000000157894736e-01	7.061454682550379e-04	3.983406846405864e-04	
4.000001034482759e-10	5.000000210526315e-01	7.743257283412226e-04	5.118396334500864e-04	
4.000001034482759e-10	6.000000263157893e-01	5.122181683617936e-04	4.800826734260650e-04	
4.000001034482759e-10	7.000000315789472e-01	7.875742131756715e-03	1.759080818285344e-02	
4.000001034482759e-10	8.000000368421051e-01	7.579739005747582e-03	1.291639766977988e-02	
4.000001034482759e-10	9.000000421052630e-01	2.996777005407767e-02	3.224614417348559e-02	
4.000001034482759e-10	1.000000047368421e+00	8.417743442523896e-02	4.691135497713809e-02	
4.000001034482759e-10	1.100000052631579e+00	1.464180691869391e-01	4.123477844920816e-02	
4.000001034482759e-10	1.200000057894737e+00	1.707045717890866e-01	2.891050822077919e-02	
4.000001034482759e-10	1.300000063157895e+00	1.807980607196748e-01	2.312994361399352e-02	
4.000001034482759e-10	1.400000068421052e+00	1.731158172508686e-01	2.466167235295687e-02	
4.000001034482759e-10	1.500000073684210e+00	1.518731721253886e-01	2.395830426573301e-02	
4.000001034482759e-10	1.600000078947368e+00	1.258991960713114e-01	1.829381032165386e-02	
4.000001034482759e-10	1.700000084210526e+00	1.136513473062812e-01	1.919522135404282e-02	
4.000001034482759e-10	1.800000089473684e+00	9.927564025376549e-02	2.124898259400601e-02	
4.000001034482759e-10	1.900000094736842e+00	8.264112301780721e-02	1.321972711537558e-02	
4.000001034482759e-10	2.000000100000000e+00	7.666817218034136e-02	1.276329238585926e-02	
5.000001379310345e-10	1.000000000000000e-01	3.693360642469043e-04	3.819774496854114e-04	
5.000001379310345e-10	2.000000052631579e-01	4.194885964375277e-04	3.672811329582356e-04	
5.000001379310345e-10	3.000000105263158e-01	6.020856117989556e-04	5.027268802061960e-04	
5.000001379310345e-10	4.000000157894736e-01	5.825886854694306e-04	4.906308763625818e-04	
5.000001379310345e-10	5.000000210526315e-01	5.859829910418834e-04	5.044535408779725e-04	
5.000001379310345e-10	6.000000263157893e-01	4.845008209791668e-04	4.912692803688391e-04	
5.000001379310345e-10	7.000000315789472e-01	1.959262195632321e-02	3.108093434484808e-02	
5.000001379310345e-10	8.000000368421051e-01	1.100554412777414e-02	1.642842761814147e-02	
5.000001379310345e-10	9.000000421052630e-01	1.939236224770580e-02	2.552359248310049e-02	
5.000001379310345e-10	1.000000047368421e+00	7.189119564093972e-02	5.070493297353253e-02	
5.000001379310345e-10	1.100000052631579e+00	1.455739017130818e-01	4.823743734669737e-02	
5.000001379310345e-10	1.200000057894737e+00	1.783759010400068e-01	3.505461189921836e-02	
5.000001379310345e-10	1.300000063157895e+00	2.076213673252710e-01	2.786130315701980e-02	
5.000001379310345e-10	1.400000068421052e+00	1.970687158000958e-01	2.836622721138953e-02	
5.000001379310345e-10	1.500000073684210e+00	1.738168996560430e-01	2.129670944201803e-02	
5.000001379310345e-10	1.600000078947368e+00	1.592812599139675e-01	2.830842394925769e-02	
5.000001379310345e-10	1.700000084210526e+00	1.306009528257829e-01	2.714850929110072e-02	
5.000001379310345e-10	1.800000089473684e+00	1.112335117046885e-01	2.330309430909536e-02	
5.000001379310345e-10	1.900000094736842e+00	9.859177864534489e-02	1.814054770685276e-02	
5.000001379310345e-10	2.000000100000000e+00	9.034625678437706e-02	1.571603281764155e-02	
6.000001724137931e-10	1.000000000000000e-01	3.421536973576290e-04	4.002424302489546e-04	
6.000001724137931e-10	2.000000052631579e-01	3.820879938413598e-04	4.039392049088334e-04	
6.000001724137931e-10	3.000000105263158e-01	4.220865448785632e-04	4.315589648161791e-04	
6.000001724137931e-10	4.000000157894736e-01	4.995754806631021e-04	4.345724615496559e-04	
6.000001724137931e-10	5.000000210526315e-01	5.230545846895597e-04	4.853879550660729e-04	
6.000001724137931e-10	6.000000263157893e-01	2.718470363706605e-04	3.277316436402108e-04	
6.000001724137931e-10	7.000000315789472e-01	2.868701159664886e-02	3.624727030709781e-02	
6.000001724137931e-10	8.000000368421051e-01	1.264433627987692e-02	1.444926724980540e-02	
6.000001724137931e-10	9.000000421052630e-01	1.979844244071189e-02	1.856355254206798e-02	
6.000001724137931e-10	1.000000047368421e+00	5.667443993760114e-02	3.785545842074398e-02	
6.000001724137931e-10	1.100000052631579e+00	1.341384216568704e-01	4.677561384448846e-02	
6.000001724137931e-10	1.200000057894737e+00	1.766696696619661e-01	4.282242321802052e-02	
6.000001724137931e-10	1.300000063157895e+00	2.103658965520682e-01	3.565081785332971e-02	
6.000001724137931e-10	1.400000068421052e+00	2.067032855955431e-01	2.926018793333405e-02	
6.000001724137931e-10	1.500000073684210e+00	1.906026532824734e-01	3.571546792085559e-02	
6.000001724137931e-10	1.600000078947368e+00	1.651685732975197e-01	2.517569675073343e-02	
6.000001724137931e-10	1.700000084210526e+00	1.447663743789420e-01	2.168058479099813e-02	
6.000001724137931e-10	1.800000089473684e+00	1.221467071782516e-01	2.183109733464807e-02	
6.000001724137931e-10	1.900000094736842e+00	1.156228141067545e-01	2.717367550095433e-02	
6.000001724137931e-10	2.000000100000000e+00	1.010045627250355e-01	1.584770677368140e-02	
7.000002068965517e-10	1.000000000000000e-01	1.778028764398840e-04	3.342189540385388e-04	
7.000002068965517e-10	2.000000052631579e-01	3.421536973576290e-04	4.002424302489546e-04	
7.000002068965517e-10	3.000000105263158e-01	4.219640438888368e-04	4.899270536240227e-04	
7.000002068965517e-10	4.000000157894736e-01	4.838815076035427e-04	4.429912582550678e-04	
7.000002068965517e-10	5.000000210526315e-01	3.582945440888593e-04	4.200833641385849e-04	
7.000002068965517e-10	6.000000263157893e-01	2.188220996831963e-04	3.596661713629728e-04	
7.000002068965517e-10	7.000000315789472e-01	5.575103911052542e-02	3.607002000254490e-02	
7.000002068965517e-10	8.000000368421051e-01	1.787062587240881e-02	1.678818849348893e-02	
7.000002068965517e-10	9.000000421052630e-01	3.301662828551311e-02	3.050018042669888e-02	
7.000002068965517e-10	1.000000047368421e+00	6.054535760747441e-02	5.144884852429191e-02	
7.000002068965517e-10	1.100000052631579e+00	1.165355776834915e-01	4.215228539764337e-02	
7.000002068965517e-10	1.200000057894737e+00	1.917945532200218e-01	4.580600546404361e-02	
7.000002068965517e-10	1.300000063157895e+00	2.111332153631256e-01	3.794223391097466e-02	
7.000002068965517e-10	1.400000068421052e+00	2.041378419891980e-01	2.607393616776183e-02	
7.000002068965517e-10	1.500000073684210e+00	1.950726998401343e-01	2.667894980783637e-02	
7.000002068965517e-10	1.600000078947368e+00	1.744866415759393e-01	2.697219025963387e-02	
7.000002068965517e-10	1.700000084210526e+00	1.501648439718878e-01	2.970389940010615e-02	
7.000002068965517e-10	1.800000089473684e+00	1.320731861140556e-01	2.181314410419332e-02	
7.000002068965517e-10	1.900000094736842e+00	1.231872990962622e-01	2.207583227706519e-02	
7.000002068965517e-10	2.000000100000000e+00	1.138729060482725e-01	2.595836932399720e-02	
8.000002413793102e-10	1.000000000000000e-01	2.763016913690974e-03	3.144293587448806e-03	
8.000002413793102e-10	2.000000052631579e-01	1.778028764398840e-04	3.342189540385387e-04	
8.000002413793102e-10	3.000000105263158e-01	3.860768682516182e-04	4.932231102700150e-04	
8.000002413793102e-10	4.000000157894736e-01	3.288202255523210e-04	3.811841233103851e-04	
8.000002413793102e-10	5.000000210526315e-01	2.116186706807583e-04	3.302442562623937e-04	
8.000002413793102e-10	6.000000263157893e-01	1.185360306983342e-03	4.590320582079308e-03	
8.000002413793102e-10	7.000000315789472e-01	8.259969121779073e-02	2.757624694383514e-02	
8.000002413793102e-10	8.000000368421051e-01	2.205497795342152e-02	2.651018992659954e-02	
8.000002413793102e-10	9.000000421052630e-01	3.032506830169569e-02	2.587164243520337e-02	
8.000002413793102e-10	1.000000047368421e+00	5.660160543429471e-02	4.133750670515993e-02	
8.000002413793102e-10	1.100000052631579e+00	1.274230584422028e-01	5.919409810958872e-02	
8.000002413793102e-10	1.200000057894737e+00	1.736492839549191e-01	4.288176723509468e-02	
8.000002413793102e-10	1.300000063157895e+00	2.039847398739686e-01	3.928330956078036e-02	
8.000002413793102e-10	1.400000068421052e+00	2.063122929695508e-01	2.360067752536670e-02	
8.000002413793102e-10	1.500000073684210e+00	1.945489005598321e-01	2.799775268298442e-02	
8.000002413793102e-10	1.600000078947368e+00	1.766614724237850e-01	2.320916834156157e-02	
8.000002413793102e-10	1.700000084210526e+00	1.610148921277285e-01	2.634959886375027e-02	
8.000002413793102e-10	1.800000089473684e+00	1.367689744406987e-01	2.437901948251675e-02	
8.000002413793102e-10	1.900000094736842e+00	1.282391807258139e-01	2.704595592244636e-02	
8.000002413793102e-10	2.000000100000000e+00	1.109259870754409e-01	2.488667543031135e-02	
9.000002758620689e-10	1.000000000000000e-01	5.969636064497103e-03	8.333771373977977e-03	
9.000002758620689e-10	2.000000052631579e-01	2.210820056724604e-03	3.443305926733136e-03	
9.000002758620689e-10	3.000000105263158e-01	2.556588630563091e-04	3.627830002478575e-04	
9.000002758620689e-10	4.000000157894736e-01	2.929330499151023e-04	3.766384438148748e-04	
9.000002758620689e-10	5.000000210526315e-01	1.643923035810003e-04	3.025775990582646e-04	
9.000002758620689e-10	6.000000263157893e-01	2.744478724530864e-03	7.901903821827627e-03	
9.000002758620689e-10	7.000000315789472e-01	9.321105124649072e-02	2.570601602046462e-02	
9.000002758620689e-10	8.000000368421051e-01	4.487553102812601e-02	3.505341513419878e-02	
9.000002758620689e-10	9.000000421052630e-01	3.491559291436799e-02	3.315737665890413e-02	
9.000002758620689e-10	1.000000047368421e+00	7.776112101102438e-02	5.042118838552702e-02	
9.000002758620689e-10	1.100000052631579e+00	1.303553155992218e-01	5.370353889166867e-02	
9.000002758620689e-10	1.200000057894737e+00	1.844104166535436e-01	3.799343858292083e-02	
9.000002758620689e-10	1.300000063157895e+00	1.958270706586454e-01	4.450070356519904e-02	
9.000002758620689e-10	1.400000068421052e+00	2.066917838519410e-01	3.696384200630689e-02	
9.000002758620689e-10	1.500000073684210e+00	2.003881301264509e-01	3.422103458545064e-02	
9.000002758620689e-10	1.600000078947368e+00	1.762897269235885e-01	2.529087016812117e-02	
9.000002758620689e-10	1.700000084210526e+00	1.648672458762634e-01	2.493724625554327e-02	
9.000002758620689e-10	1.800000089473684e+00	1.442048333809484e-01	2.317125797117914e-02	
9.000002758620689e-10	1.900000094736842e+00	1.267018462104394e-01	2.345642564872672e-02	
9.000002758620689e-10	2.000000100000000e+00	1.154985016044910e-01	2.259640326644809e-02	
1.000000310344828e-09	1.000000000000000e-01	1.879301714413383e-02	1.475217995758364e-02	
1.000000310344828e-09	2.000000052631579e-01	1.609546600341037e-02	1.214714841414001e-02	
1.000000310344828e-09	3.000000105263158e-01	4.482162261473442e-03	5.309688740650719e-03	
1.000000310344828e-09	4.000000157894736e-01	1.960150115877890e-04	3.061697913974687e-04	
1.000000310344828e-09	5.000000210526315e-01	1.332547054957965e-04	2.853598011308642e-04	
1.000000310344828e-09	6.000000263157893e-01	2.201794340415573e-02	2.847913903057182e-02	
1.000000310344828e-09	7.000000315789472e-01	1.016023954467004e-01	1.654074318977817e-02	
1.000000310344828e-09	8.000000368421051e-01	4.190367516292347e-02	2.629264890900599e-02	
1.000000310344828e-09	9.000000421052630e-01	3.718371330190990e-02	2.657724460685815e-02	
1.000000310344828e-09	1.000000047368421e+00	8.143328129906298e-02	4.425224016835027e-02	
1.000000310344828e-09	1.100000052631579e+00	1.419732994574997e-01	5.081456504811090e-02	
1.000000310344828e-09	1.200000057894737e+00	1.690670855997054e-01	4.699275047963444e-02	
1.000000310344828e-09	1.300000063157895e+00	1.979269494612405e-01	3.344430211888385e-02	
1.000000310344828e-09	1.400000068421052e+00	1.920017301369542e-01	2.906409788500506e-02	
1.000000310344828e-09	1.500000073684210e+00	1.875923786104107e-01	2.559073727841498e-02	
1.000000310344828e-09	1.600000078947368e+00	1.783763439202927e-01	1.921393341541305e-02	
1.000000310344828e-09	1.700000084210526e+00	1.590324110037931e-01	2.215985141896598e-02	
1.000000310344828e-09	1.800000089473684e+00	1.459360001515232e-01	2.613656736998245e-02	
1.000000310344828e-09	1.900000094736842e+00	1.322891668381888e-01	2.582017730076610e-02	
1.000000310344828e-09	2.000000100000000e+00	1.110386095250972e-01	2.017382025959089e-02	
1.100000344827586e-09	1.000000000000000e-01	4.502186076127167e-02	2.763289642263426e-02	
1.100000344827586e-09	2.000000052631579e-01	3.325147456245102e-02	2.182945272866034e-02	
1.100000344827586e-09	3.000000105263158e-01	2.016711545195355e-02	1.277528687444713e-02	
1.100000344827586e-09	4.000000157894736e-01	1.645670146615589e-04	2.887019520059235e-04	
1.100000344827586e-09	5.000000210526315e-01	1.501817403119347e-04	2.869894905191331e-04	
1.100000344827586e-09	6.000000263157893e-01	4.900152038104014e-02	3.840960977967041e-02	
1.100000344827586e-09	7.000000315789472e-01	1.108525333326909e-01	1.233988395298789e-02	
1.100000344827586e-09	8.000000368421051e-01	4.803817094976865e-02	3.427240915361662e-02	
1.100000344827586e-09	9.000000421052630e-01	4.742958537620308e-02	2.834986366033988e-02	
1.100000344827586e-09	1.000000047368421e+00	8.971084071973444e-02	5.883650208898455e-02	
1.100000344827586e-09	1.100000052631579e+00	1.444301615577513e-01	5.313951766206999e-02	
1.100000344827586e-09	1.200000057894737e+00	1.702951919074614e-01	4.089763752501928e-02	
1.100000344827586e-09	1.300000063157895e+00	1.939355278547639e-01	3.046685155352095e-02	
1.100000344827586e-09	1.400000068421052e+00	1.976683599290526e-01	2.920491645004882e-02	
1.100000344827586e-09	1.500000073684210e+00	2.006540353811462e-01	2.999834189300314e-02	
1.100000344827586e-09	1.600000078947368e+00	1.924677653517964e-01	2.421704337893628e-02	
1.100000344827586e-09	1.700000084210526e+00	1.561065595716483e-01	2.994611549207250e-02	
1.100000344827586e-09	1.800000089473684e+00	1.335485871092435e-01	1.866235279705121e-02	
1.100000344827586e-09	1.900000094736842e+00	1.335561339419177e-01	2.271512337670931e-02	
1.100000344827586e-09	2.000000100000000e+00	1.256957957627915e-01	2.398591181872703e-02	
1.200000379310345e-09	1.000000000000000e-01	6.009075028684206e-02	1.712550893091903e-02	
1.200000379310345e-09	2.000000052631579e-01	5.037175282952631e-02	2.029171127137520e-02	
1.200000379310345e-09	3.000000105263158e-01	4.452099307488592e-02	2.139549025044040e-02	
1.200000379310345e-09	4.000000157894736e-01	6.295835624300930e-03	6.245628652207447e-03	
1.200000379310345e-09	6.000000263157893e-01	6.086437704378209e-02	2.704762344923718e-02	
1.200000379310345e-09	5.000000210526315e-01	2.850612793178073e-03	6.427253892960587e-03	
1.200000379310345e-09	7.000000315789472e-01	1.077045734906016e-01	1.337498414511852e-02	
1.200000379310345e-09	8.000000368421051e-01	7.344892248185494e-02	3.457584830848342e-02	
1.200000379310345e-09	9.000000421052630e-01	5.012231874420401e-02	3.202067997254830e-02	
1.200000379310345e-09	1.000000047368421e+00	7.241400512791810e-02	4.342841181359640e-02	
1.200000379310345e-09	1.100000052631579e+00	1.204981156674068e-01	5.306037111607392e-02	
1.200000379310345e-09	1.200000057894737e+00	1.662901781157413e-01	4.271244014688474e-02	
1.200000379310345e-09	1.300000063157895e+00	1.857144215310332e-01	3.493853272756689e-02	
1.200000379310345e-09	1.400000068421052e+00	1.890403543178344e-01	2.376614785881374e-02	
1.200000379310345e-09	1.500000073684210e+00	1.857274351515837e-01	2.179335808567465e-02	
1.200000379310345e-09	1.600000078947368e+00	1.839439270450915e-01	2.418529251424152e-02	
1.200000379310345e-09	1.700000084210526e+00	1.703563931941474e-01	2.988693508961810e-02	
1.200000379310345e-09	1.800000089473684e+00	1.462575927132414e-01	2.462986926637125e-02	
1.200000379310345e-09	1.900000094736842e+00	1.364780597300495e-01	2.890757605520968e-02	
1.200000379310345e-09	2.000000100000000e+00	1.200199259823059e-01	2.071853381719794e-02	
1.300000413793104e-09	1.000000000000000e-01	7.158268292652870e-02	8.466646014421226e-03	
1.300000413793104e-09	2.000000052631579e-01	6.680776749725918e-02	1.551663704261239e-02	
1.300000413793104e-09	3.000000105263158e-01	6.385670509607672e-02	1.680540376466308e-02	
1.300000413793104e-09	6.000000263157893e-01	7.771326325607122e-02	2.029941854261310e-02	
1.300000413793104e-09	4.000000157894736e-01	3.501354912226594e-02	2.300733859574322e-02	
1.300000413793104e-09	5.000000210526315e-01	1.312317030668005e-02	1.826182738466764e-02	
1.300000413793104e-09	7.000000315789472e-01	1.050503907272613e-01	1.205580952534056e-02	
1.300000413793104e-09	8.000000368421051e-01	6.775674487606860e-02	3.437984304055804e-02	
1.300000413793104e-09	9.000000421052630e-01	5.756260852909541e-02	3.676412048578950e-02	
1.300000413793104e-09	1.000000047368421e+00	7.169023017220297e-02	3.973296582834267e-02	
1.300000413793104e-09	1.100000052631579e+00	1.276558078146951e-01	5.139116192432767e-02	
1.300000413793104e-09	1.200000057894737e+00	1.689923569367778e-01	4.110018610365321e-02	
1.300000413793104e-09	1.300000063157895e+00	1.726110282413781e-01	3.851550324946526e-02	
1.300000413793104e-09	1.400000068421052e+00	1.963792968565675e-01	1.863620581521894e-02	
1.300000413793104e-09	1.500000073684210e+00	1.828925682502221e-01	1.786954863267159e-02	
1.300000413793104e-09	1.600000078947368e+00	1.856620790369389e-01	2.385372221719087e-02	
1.300000413793104e-09	1.700000084210526e+00	1.613552322544881e-01	2.149819750415645e-02	
1.300000413793104e-09	1.800000089473684e+00	1.516962046607540e-01	2.083030303882040e-02	
1.300000413793104e-09	1.900000094736842e+00	1.353638279040453e-01	2.348312860821225e-02	
1.300000413793104e-09	2.000000100000000e+00	1.273223149119100e-01	1.978465026455210e-02	
1.400000448275862e-09	1.000000000000000e-01	7.437425490774975e-02	7.875241221355456e-03	
1.400000448275862e-09	2.000000052631579e-01	7.405517606974879e-02	6.116211604540369e-03	
1.400000448275862e-09	3.000000105263158e-01	7.482855505182411e-02	8.573866212073037e-03	
1.400000448275862e-09	4.000000157894736e-01	5.854373829821106e-02	2.213422939035551e-02	
1.400000448275862e-09	5.000000210526315e-01	3.576328172772741e-02	2.162437233079116e-02	
1.400000448275862e-09	6.000000263157893e-01	6.745260828222566e-02	1.607802524067884e-02	
1.400000448275862e-09	7.000000315789472e-01	1.009570687285030e-01	1.169098433119630e-02	
1.400000448275862e-09	8.000000368421051e-01	8.169406795771247e-02	3.471975227457713e-02	
1.400000448275862e-09	9.000000421052630e-01	6.550659828827178e-02	4.956282947824853e-02	
1.400000448275862e-09	1.000000047368421e+00	7.632045519103176e-02	5.243885323184933e-02	
1.400000448275862e-09	1.100000052631579e+00	1.369555830016431e-01	5.527637586527721e-02	
1.400000448275862e-09	1.200000057894737e+00	1.683890870224348e-01	3.374460781304763e-02	
1.400000448275862e-09	1.300000063157895e+00	1.858980082034213e-01	2.965660453966945e-02	
1.400000448275862e-09	1.400000068421052e+00	1.784665850622299e-01	2.849778513527531e-02	
1.400000448275862e-09	1.500000073684210e+00	1.912362039846348e-01	2.500322863095003e-02	
1.400000448275862e-09	1.600000078947368e+00	1.764114332540140e-01	2.853266276812707e-02	
1.400000448275862e-09	1.700000084210526e+00	1.603946484770800e-01	2.860290290087924e-02	
1.400000448275862e-09	1.800000089473684e+00	1.522716221451043e-01	2.275700435974639e-02	
1.400000448275862e-09	1.900000094736842e+00	1.416323796715371e-01	2.771052559577924e-02	
1.400000448275862e-09	2.000000100000000e+00	1.257902639414850e-01	2.594609692767002e-02	
1.500000482758621e-09	1.000000000000000e-01	5.466910226884656e-02	1.566547614780313e-02	
1.500000482758621e-09	2.000000052631579e-01	7.501581850836367e-02	7.646130569719633e-03	
1.500000482758621e-09	3.000000105263158e-01	7.389701506083420e-02	1.019496494912954e-02	
1.500000482758621e-09	4.000000157894736e-01	7.356495169186367e-02	7.314862957842834e-03	
1.500000482758621e-09	5.000000210526315e-01	6.668650690724354e-02	1.051781567521812e-02	
1.500000482758621e-09	6.000000263157893e-01	7.236144167824968e-02	1.280893840120929e-02	
1.500000482758621e-09	7.000000315789472e-01	1.002519361559874e-01	1.207636992716580e-02	
1.500000482758621e-09	8.000000368421051e-01	7.507112446615631e-02	2.837533060502476e-02	
1.500000482758621e-09	9.000000421052630e-01	6.731371003012326e-02	3.601885564366444e-02	
1.500000482758621e-09	1.000000047368421e+00	6.811381422076088e-02	3.643527774801139e-02	
1.500000482758621e-09	1.100000052631579e+00	1.461215379865368e-01	4.885896939402940e-02	
1.500000482758621e-09	1.200000057894737e+00	1.632023488826392e-01	4.334980556358344e-02	
1.500000482758621e-09	1.300000063157895e+00	1.856582134034844e-01	3.012775743674108e-02	
1.500000482758621e-09	1.400000068421052e+00	1.846882166142516e-01	3.448137616697925e-02	
1.500000482758621e-09	1.500000073684210e+00	1.883264190253388e-01	1.792686144828958e-02	
1.500000482758621e-09	1.600000078947368e+00	1.730211880513862e-01	2.110071906886652e-02	
1.500000482758621e-09	1.700000084210526e+00	1.613804851620770e-01	2.015329022454270e-02	
1.500000482758621e-09	1.800000089473684e+00	1.565979276451697e-01	1.967102388476405e-02	
1.500000482758621e-09	1.900000094736842e+00	1.347608540159446e-01	1.913475308860768e-02	
1.500000482758621e-09	2.000000100000000e+00	1.305044295373193e-01	3.184139665002542e-02	
1.600000517241379e-09	1.000000000000000e-01	2.551261207135310e-02	1.697618323356081e-02	
1.600000517241379e-09	2.000000052631579e-01	7.043841229739015e-02	7.705650754962354e-03	
1.600000517241379e-09	3.000000105263158e-01	7.223403476404455e-02	7.558541187660498e-03	
1.600000517241379e-09	4.000000157894736e-01	7.390365874063839e-02	1.154417938003326e-02	
1.600000517241379e-09	5.000000210526315e-01	6.555010884325928e-02	1.000759010998217e-02	
1.600000517241379e-09	6.000000263157893e-01	6.673404525125042e-02	1.109825699157460e-02	
1.600000517241379e-09	7.000000315789472e-01	9.750960920598908e-02	1.210303937158983e-02	
1.600000517241379e-09	8.000000368421051e-01	9.305295814731505e-02	2.378677666615359e-02	
1.600000517241379e-09	9.000000421052630e-01	7.367057229162932e-02	4.135904829949759e-02	
1.600000517241379e-09	1.000000047368421e+00	8.418690948481086e-02	4.690319267790075e-02	
1.600000517241379e-09	1.100000052631579e+00	1.272639921069337e-01	3.426257341621154e-02	
1.600000517241379e-09	1.200000057894737e+00	1.629322979890382e-01	3.947529263033887e-02	
1.600000517241379e-09	1.300000063157895e+00	1.761721704998366e-01	2.551132280216811e-02	
1.600000517241379e-09	1.400000068421052e+00	1.779839833865171e-01	2.687422772067565e-02	
1.600000517241379e-09	1.500000073684210e+00	1.826668930814354e-01	2.442270848661573e-02	
1.600000517241379e-09	1.600000078947368e+00	1.621758547198750e-01	2.648626422427161e-02	
1.600000517241379e-09	1.700000084210526e+00	1.713664107565327e-01	2.949173296404760e-02	
1.600000517241379e-09	1.800000089473684e+00	1.472630922726370e-01	1.880116732658900e-02	
1.600000517241379e-09	1.900000094736842e+00	1.447303670018980e-01	2.912804221053251e-02	
1.600000517241379e-09	2.000000100000000e+00	1.266122895973314e-01	2.553520518176313e-02	
1.700000551724138e-09	1.000000000000000e-01	7.940675050897680e-03	8.561311005979941e-03	
1.700000551724138e-09	2.000000052631579e-01	5.895024251816870e-02	1.097593430955493e-02	
1.700000551724138e-09	3.000000105263158e-01	6.453799895561534e-02	1.080777203403802e-02	
1.700000551724138e-09	4.000000157894736e-01	6.582142130909932e-02	9.714740267100692e-03	
1.700000551724138e-09	7.000000315789472e-01	9.484229001075592e-02	9.686133268192079e-03	
1.700000551724138e-09	8.000000368421051e-01	8.401262594912172e-02	2.381865715760634e-02	
1.700000551724138e-09	6.000000263157893e-01	7.413519505301144e-02	9.833335387304716e-03	
1.700000551724138e-09	5.000000210526315e-01	6.979138538979776e-02	7.955548273816062e-03	
1.700000551724138e-09	9.000000421052630e-01	6.887273564084119e-02	3.391972033886262e-02	
1.700000551724138e-09	1.000000047368421e+00	8.809474877699214e-02	5.287466754910394e-02	
1.700000551724138e-09	1.100000052631579e+00	1.267599022039864e-01	5.591733856599590e-02	
1.700000551724138e-09	1.200000057894737e+00	1.583562156993431e-01	3.547233962166974e-02	
1.700000551724138e-09	1.300000063157895e+00	1.777015797594171e-01	2.602805223363963e-02	
1.700000551724138e-09	1.400000068421052e+00	1.717579357777860e-01	2.465589192893216e-02	
1.700000551724138e-09	1.500000073684210e+00	1.694709964153578e-01	3.017772792731606e-02	
1.700000551724138e-09	1.600000078947368e+00	1.663936502451773e-01	1.824968522621121e-02	
1.700000551724138e-09	1.700000084210526e+00	1.577279383278317e-01	2.211835934472987e-02	
1.700000551724138e-09	1.800000089473684e+00	1.542259085109388e-01	2.486752969783652e-02	
1.700000551724138e-09	1.900000094736842e+00	1.395569423973638e-01	2.792871097227976e-02	
1.700000551724138e-09	2.000000100000000e+00	1.342588329191829e-01	2.716061408044800e-02	
1.800000586206896e-09	1.000000000000000e-01	2.970259165412306e-03	5.086378712986186e-03	
1.800000586206896e-09	2.000000052631579e-01	2.437646720845484e-02	1.361738192261457e-02	
1.800000586206896e-09	3.000000105263158e-01	6.521310535013661e-02	1.081151964943586e-02	
1.800000586206896e-09	4.000000157894736e-01	6.496625017732860e-02	1.257022370793154e-02	
1.800000586206896e-09	5.000000210526315e-01	6.764318153350304e-02	9.413201547991919e-03	
1.800000586206896e-09	6.000000263157893e-01	7.382958297816548e-02	1.100385073480505e-02	
1.800000586206896e-09	7.000000315789472e-01	8.817186954971062e-02	1.573870065894107e-02	
1.800000586206896e-09	9.000000421052630e-01	7.618320865214770e-02	4.022066832145719e-02	
1.800000586206896e-09	8.000000368421051e-01	8.559778346948023e-02	2.987066248404883e-02	
1.800000586206896e-09	1.000000047368421e+00	7.790479918516548e-02	4.562349704046727e-02	
1.800000586206896e-09	1.100000052631579e+00	1.325434869854076e-01	4.185366119327012e-02	
1.800000586206896e-09	1.200000057894737e+00	1.544023839444546e-01	4.136972984335752e-02	
1.800000586206896e-09	1.300000063157895e+00	1.617985703378331e-01	2.976802059905537e-02	
1.800000586206896e-09	1.400000068421052e+00	1.758250066880659e-01	3.422324323260061e-02	
1.800000586206896e-09	1.500000073684210e+00	1.713340885729178e-01	2.362105570896525e-02	
1.800000586206896e-09	1.600000078947368e+00	1.776545519371975e-01	2.283349713808807e-02	
1.800000586206896e-09	1.700000084210526e+00	1.657023711536470e-01	3.067893549286397e-02	
1.800000586206896e-09	1.800000089473684e+00	1.551261696992315e-01	2.353758517052914e-02	
1.800000586206896e-09	1.900000094736842e+00	1.452318229038574e-01	2.750919270726438e-02	
1.800000586206896e-09	2.000000100000000e+00	1.318326023986195e-01	2.716942448974534e-02	
1.900000620689655e-09	2.000000052631579e-01	9.405461175405789e-03	8.355046536996773e-03	
1.900000620689655e-09	1.000000000000000e-01	4.184966487435039e-04	6.596323037836953e-04	
1.900000620689655e-09	3.000000105263158e-01	5.689607192363137e-02	1.350112859257889e-02	
1.900000620689655e-09	4.000000157894736e-01	6.113097541757251e-02	1.001818752266747e-02	
1.900000620689655e-09	5.000000210526315e-01	6.833771803079164e-02	1.037522037101648e-02	
1.900000620689655e-09	6.000000263157893e-01	6.968075173699326e-02	1.418260270889135e-02	
1.900000620689655e-09	7.000000315789472e-01	9.503970481636251e-02	1.110545902857052e-02	
1.900000620689655e-09	8.000000368421051e-01	9.672716033114223e-02	1.725987624020158e-02	
1.900000620689655e-09	9.000000421052630e-01	5.841900141681410e-02	2.638260438193413e-02	
1.900000620689655e-09	1.000000047368421e+00	8.884828359701111e-02	5.569122379573266e-02	
1.900000620689655e-09	1.100000052631579e+00	1.381991896023563e-01	4.246894561585982e-02	
1.900000620689655e-09	1.200000057894737e+00	1.520351333125372e-01	4.445627655388373e-02	
1.900000620689655e-09	1.300000063157895e+00	1.676291936330297e-01	3.573112970334293e-02	
1.900000620689655e-09	1.400000068421052e+00	1.767765267841389e-01	3.740717852042537e-02	
1.900000620689655e-09	1.500000073684210e+00	1.824802660303576e-01	2.623980058550471e-02	
1.900000620689655e-09	1.600000078947368e+00	1.709125202623597e-01	3.353458636420618e-02	
1.900000620689655e-09	1.700000084210526e+00	1.656796194396208e-01	3.608720655818597e-02	
1.900000620689655e-09	1.800000089473684e+00	1.562037886858150e-01	2.031939204184388e-02	
1.900000620689655e-09	1.900000094736842e+00	1.427821280746860e-01	3.073310171608880e-02	
1.900000620689655e-09	2.000000100000000e+00	1.276991287654519e-01	3.328671403552977e-02	
2.000000655172414e-09	1.000000000000000e-01	1.847294394540559e-03	4.142404979997251e-03	
2.000000655172414e-09	2.000000052631579e-01	3.529654606667251e-03	4.921621791684880e-03	
2.000000655172414e-09	3.000000105263158e-01	4.386795176805327e-02	9.662526803398129e-03	
2.000000655172414e-09	4.000000157894736e-01	5.455542131284662e-02	8.905625437069584e-03	
2.000000655172414e-09	5.000000210526315e-01	6.524684444959364e-02	1.078607307680497e-02	
2.000000655172414e-09	6.000000263157893e-01	7.425491167276237e-02	8.437191002108298e-03	
2.000000655172414e-09	7.000000315789472e-01	8.600197898301079e-02	1.285066036048488e-02	
2.000000655172414e-09	8.000000368421051e-01	9.480113557704256e-02	1.687545238282530e-02	
2.000000655172414e-09	9.000000421052630e-01	7.116524219763511e-02	2.941849646851360e-02	
2.000000655172414e-09	1.000000047368421e+00	8.824949679190189e-02	4.219640041467988e-02	
2.000000655172414e-09	1.100000052631579e+00	1.237897444207398e-01	3.930161139455274e-02	
2.000000655172414e-09	1.200000057894737e+00	1.583895388750705e-01	4.144032325082484e-02	
2.000000655172414e-09	1.300000063157895e+00	1.614936678259692e-01	2.698240138370325e-02	
2.000000655172414e-09	1.400000068421052e+00	1.736227581859900e-01	2.791794797243890e-02	
2.000000655172414e-09	1.500000073684210e+00	1.718902939922393e-01	1.881450987131411e-02	
2.000000655172414e-09	1.600000078947368e+00	1.734097603736191e-01	2.201475612928427e-02	
2.000000655172414e-09	1.700000084210526e+00	1.644287301360302e-01	3.003496587236604e-02	
2.000000655172414e-09	1.800000089473684e+00	1.614302521964345e-01	2.462389260614203e-02	
2.000000655172414e-09	1.900000094736842e+00	1.418843296861360e-01	2.862391965022458e-02	
2.000000655172414e-09	2.000000100000000e+00	1.264068851893286e-01	3.033632614446766e-02	
2.100000689655173e-09	1.000000000000000e-01	3.467302347419798e-04	7.213497778984077e-04	
2.100000689655173e-09	2.000000052631579e-01	1.973020914734909e-03	5.180840735612431e-03	
2.100000689655173e-09	3.000000105263158e-01	3.040473101826711e-02	1.317410226808336e-02	
2.100000689655173e-09	4.000000157894736e-01	5.425434083854397e-02	1.330146987047531e-02	
2.100000689655173e-09	5.000000210526315e-01	6.424976912431127e-02	1.146583937251574e-02	
2.100000689655173e-09	6.000000263157893e-01	7.041069450243112e-02	1.262690537457327e-02	
2.100000689655173e-09	7.000000315789472e-01	8.690848917956037e-02	1.201541209393465e-02	
2.100000689655173e-09	8.000000368421051e-01	9.724767701332877e-02	1.375188287322624e-02	
2.100000689655173e-09	9.000000421052630e-01	7.360640292610868e-02	3.970201210118541e-02	
2.100000689655173e-09	1.000000047368421e+00	8.345152806969093e-02	4.997991313587672e-02	
2.100000689655173e-09	1.100000052631579e+00	1.139464468518362e-01	3.983985742868942e-02	
2.100000689655173e-09	1.200000057894737e+00	1.656944462153926e-01	2.854877030879023e-02	
2.100000689655173e-09	1.300000063157895e+00	1.597314702906798e-01	3.192911832166769e-02	
2.100000689655173e-09	1.400000068421052e+00	1.720461383247101e-01	3.331217118962158e-02	
2.100000689655173e-09	1.500000073684210e+00	1.660660246463353e-01	2.307248231584139e-02	
2.100000689655173e-09	1.600000078947368e+00	1.703368258043833e-01	2.688546927796481e-02	
2.100000689655173e-09	1.700000084210526e+00	1.549378075116406e-01	2.660014403002928e-02	
2.100000689655173e-09	1.800000089473684e+00	1.485365519335250e-01	3.432402535263632e-02	
2.100000689655173e-09	1.900000094736842e+00	1.325727710169771e-01	2.563527931245704e-02	
2.100000689655173e-09	2.000000100000000e+00	1.310345398923881e-01	3.290649336251063e-02	
2.200000724137931e-09	1.000000000000000e-01	1.482043127155946e-04	4.489101217495229e-04	
2.200000724137931e-09	2.000000052631579e-01	6.757769201628533e-04	1.710518320754825e-03	
2.200000724137931e-09	3.000000105263158e-01	1.316168706677173e-02	7.751520810881802e-03	
2.200000724137931e-09	4.000000157894736e-01	4.461805112399521e-02	1.343374120002424e-02	
2.200000724137931e-09	5.000000210526315e-01	6.032670210732378e-02	9.076172115939635e-03	
2.200000724137931e-09	6.000000263157893e-01	7.238988135250052e-02	1.116381366031917e-02	
2.200000724137931e-09	7.000000315789472e-01	8.416022603347943e-02	6.523262697812535e-03	
2.200000724137931e-09	8.000000368421051e-01	8.947610084869059e-02	2.057712208638765e-02	
2.200000724137931e-09	9.000000421052630e-01	6.326973119870459e-02	2.807448001537290e-02	
2.200000724137931e-09	1.000000047368421e+00	7.322079984492011e-02	4.426099215421426e-02	
2.200000724137931e-09	1.100000052631579e+00	1.259543497950127e-01	5.061841847675490e-02	
2.200000724137931e-09	1.200000057894737e+00	1.488538777906782e-01	3.256350775713547e-02	
2.200000724137931e-09	1.300000063157895e+00	1.705767114550515e-01	2.429671049444295e-02	
2.200000724137931e-09	1.400000068421052e+00	1.727478745314782e-01	2.361769792627010e-02	
2.200000724137931e-09	1.500000073684210e+00	1.622471535334143e-01	2.616281337445200e-02	
2.200000724137931e-09	1.600000078947368e+00	1.647730762706014e-01	2.819705545619635e-02	
2.200000724137931e-09	1.700000084210526e+00	1.664814545802882e-01	3.351547967949686e-02	
2.200000724137931e-09	1.800000089473684e+00	1.529825070032994e-01	2.785633954767636e-02	
2.200000724137931e-09	1.900000094736842e+00	1.435875669718469e-01	3.117100198947781e-02	
2.200000724137931e-09	2.000000100000000e+00	1.244599604208473e-01	1.669307984907782e-02	
2.300000758620690e-09	1.000000000000000e-01	6.552952084166559e-05	2.246245025868593e-04	
2.300000758620690e-09	2.000000052631579e-01	2.882895187523008e-04	6.964132888925309e-04	
2.300000758620690e-09	3.000000105263158e-01	7.210238422014924e-03	7.329654282522570e-03	
2.300000758620690e-09	4.000000157894736e-01	4.641520547494220e-02	9.161136671927876e-03	
2.300000758620690e-09	5.000000210526315e-01	6.531124000637750e-02	7.923347911217066e-03	
2.300000758620690e-09	6.000000263157893e-01	6.993817714592102e-02	8.560877424388895e-03	
2.300000758620690e-09	7.000000315789472e-01	8.705580264329457e-02	1.588209754218095e-02	
2.300000758620690e-09	8.000000368421051e-01	8.574922582685909e-02	2.069380179412636e-02	
2.300000758620690e-09	9.000000421052630e-01	7.167141857439890e-02	4.109552665084845e-02	
2.300000758620690e-09	1.000000047368421e+00	8.183279430136862e-02	4.684203346680798e-02	
2.300000758620690e-09	1.100000052631579e+00	1.205358094640469e-01	4.099680159392896e-02	
2.300000758620690e-09	1.200000057894737e+00	1.444659102635049e-01	2.802928454942927e-02	
2.300000758620690e-09	1.300000063157895e+00	1.639413613865767e-01	2.679677582827561e-02	
2.300000758620690e-09	1.400000068421052e+00	1.596702707527123e-01	2.912975465375622e-02	
2.300000758620690e-09	1.500000073684210e+00	1.704791943019007e-01	2.348043705352626e-02	
2.300000758620690e-09	1.600000078947368e+00	1.685945751059339e-01	2.611278523022598e-02	
2.300000758620690e-09	1.700000084210526e+00	1.547078067715880e-01	2.148326925416697e-02	
2.300000758620690e-09	1.800000089473684e+00	1.430121946419179e-01	2.323883720817456e-02	
2.300000758620690e-09	1.900000094736842e+00	1.439468555976310e-01	2.632699249051115e-02	
2.300000758620690e-09	2.000000100000000e+00	1.299788629474082e-01	3.244979424375412e-02	
2.400000793103448e-09	1.000000000000000e-01	1.557281015784394e-05	6.788030574498541e-05	
2.400000793103448e-09	2.000000052631579e-01	1.697006640840922e-04	5.471237169574598e-04	
2.400000793103448e-09	3.000000105263158e-01	3.207959687809492e-03	3.479745651116858e-03	
2.400000793103448e-09	4.000000157894736e-01	4.390012222203413e-02	1.253750757423321e-02	
2.400000793103448e-09	5.000000210526315e-01	6.059924254991337e-02	1.078300025427788e-02	
2.400000793103448e-09	6.000000263157893e-01	6.732646306778287e-02	8.380384063688092e-03	
2.400000793103448e-09	7.000000315789472e-01	8.215797174271401e-02	1.017586595610952e-02	
2.400000793103448e-09	8.000000368421051e-01	8.592713691173189e-02	1.501017421337546e-02	
2.400000793103448e-09	9.000000421052630e-01	6.556490401068929e-02	2.859570716795963e-02	
2.400000793103448e-09	1.000000047368421e+00	7.479667877020500e-02	4.949764551202877e-02	
2.400000793103448e-09	1.100000052631579e+00	1.184655576035114e-01	5.747373630201575e-02	
2.400000793103448e-09	1.200000057894737e+00	1.494635732680445e-01	3.952473183638484e-02	
2.400000793103448e-09	1.300000063157895e+00	1.566005979373291e-01	3.553999580639513e-02	
2.400000793103448e-09	1.400000068421052e+00	1.683869371844282e-01	3.197397271334573e-02	
2.400000793103448e-09	1.500000073684210e+00	1.630135852621444e-01	2.622478722443305e-02	
2.400000793103448e-09	1.600000078947368e+00	1.569237811276859e-01	2.549572345502621e-02	
2.400000793103448e-09	1.700000084210526e+00	1.629215713830770e-01	2.014510979085652e-02	
2.400000793103448e-09	1.800000089473684e+00	1.428389296850193e-01	2.373458665268542e-02	
2.400000793103448e-09	1.900000094736842e+00	1.389117149311548e-01	2.647278785427170e-02	
2.400000793103448e-09	2.000000100000000e+00	1.327557657042071e-01	3.617957729766920e-02	
2.500000827586207e-09	2.000000052631579e-01	8.915390775429155e-05	3.886128743227041e-04	
2.500000827586207e-09	3.000000105263158e-01	3.951299450436334e-03	6.657843527979299e-03	
2.500000827586207e-09	1.000000000000000e-01	0.000000000000000e+00	0.000000000000000e+00	
2.500000827586207e-09	4.000000157894736e-01	3.452932000395204e-02	1.461556189842935e-02	
2.500000827586207e-09	5.000000210526315e-01	5.541663764728379e-02	9.613034896660268e-03	
2.500000827586207e-09	6.000000263157893e-01	6.791025059539227e-02	9.756107695825401e-03	
2.500000827586207e-09	7.000000315789472e-01	7.580990415995514e-02	1.173892227638390e-02	
2.500000827586207e-09	8.000000368421051e-01	9.187935627839640e-02	1.691873670554994e-02	
2.500000827586207e-09	9.000000421052630e-01	6.932342236558089e-02	3.145948286332361e-02	
2.500000827586207e-09	1.000000047368421e+00	7.074868075835967e-02	5.420533651726803e-02	
2.500000827586207e-09	1.100000052631579e+00	1.223110678786978e-01	5.411028306920451e-02	
2.500000827586207e-09	1.200000057894737e+00	1.421311002947274e-01	3.446616756622924e-02	
2.500000827586207e-09	1.300000063157895e+00	1.541121886441202e-01	2.925214188775793e-02	
2.500000827586207e-09	1.400000068421052e+00	1.628750561440916e-01	2.805581878210909e-02	
2.500000827586207e-09	1.500000073684210e+00	1.613511024861018e-01	2.675877072641591e-02	
2.500000827586207e-09	1.600000078947368e+00	1.585920375759494e-01	2.609406739345735e-02	
2.500000827586207e-09	1.700000084210526e+00	1.549698389477466e-01	2.321838368632631e-02	
2.500000827586207e-09	1.800000089473684e+00	1.541538000721586e-01	3.018626355097025e-02	
2.500000827586207e-09	1.900000094736842e+00	1.371309131970685e-01	3.019419667521820e-02	
2.500000827586207e-09	2.000000100000000e+00	1.383325758064615e-01	3.001643301997694e-02	
2.600000862068965e-09	2.000000052631579e-01	4.622280395612884e-05	2.014805313318576e-04	
2.600000862068965e-09	3.000000105263158e-01	4.843645161222597e-04	1.169279928244983e-03	
2.600000862068965e-09	1.000000000000000e-01	0.000000000000000e+00	0.000000000000000e+00	
2.600000862068965e-09	4.000000157894736e-01	2.679799158347929e-02	1.253929621494776e-02	
2.600000862068965e-09	5.000000210526315e-01	5.225150840690658e-02	1.175646886606350e-02	
2.600000862068965e-09	6.000000263157893e-01	6.784665021234682e-02	9.515204227442300e-03	
2.600000862068965e-09	7.000000315789472e-01	7.804290971498945e-02	1.330904753282979e-02	
2.600000862068965e-09	8.000000368421051e-01	8.603512350542891e-02	1.810470704443770e-02	
2.600000862068965e-09	9.000000421052630e-01	7.563077688396645e-02	3.301641150381403e-02	
2.600000862068965e-09	1.000000047368421e+00	7.141658099295276e-02	6.040337014736771e-02	
2.600000862068965e-09	1.100000052631579e+00	1.137085043095218e-01	4.767767541536012e-02	
2.600000862068965e-09	1.200000057894737e+00	1.462841467566631e-01	2.803248925140067e-02	
2.600000862068965e-09	1.300000063157895e+00	1.492829635225058e-01	2.745472814755681e-02	
2.600000862068965e-09	1.400000068421052e+00	1.691060904339962e-01	2.497988705694860e-02	
2.600000862068965e-09	1.500000073684210e+00	1.736630794910101e-01	2.209102002252727e-02	
2.600000862068965e-09	1.600000078947368e+00	1.695510588816221e-01	3.418403218054204e-02	
2.600000862068965e-09	1.700000084210526e+00	1.592286212949830e-01	2.326758784914813e-02	
2.600000862068965e-09	1.800000089473684e+00	1.518722747495754e-01	2.816961239025177e-02	
2.600000862068965e-09	1.900000094736842e+00	1.389226987354537e-01	2.809678736139669e-02	
2.600000862068965e-09	2.000000100000000e+00	1.299566229382307e-01	4.025521352734360e-02	
2.700000896551724e-09	3.000000105263158e-01	7.905480779420262e-04	3.015467171901715e-03	
2.700000896551724e-09	2.000000052631579e-01	0.000000000000000e+00	0.000000000000000e+00	
2.700000896551724e-09	1.000000000000000e-01	0.000000000000000e+00	0.000000000000000e+00	
2.700000896551724e-09	4.000000157894736e-01	2.287190613188578e-02	9.683773335811054e-03	
2.700000896551724e-09	5.000000210526315e-01	5.307027205056999e-02	1.284548417331911e-02	
2.700000896551724e-09	6.000000263157893e-01	6.846080803837802e-02	6.823279391971100e-03	
2.700000896551724e-09	7.000000315789472e-01	7.579716531209284e-02	8.741517686803413e-03	
2.700000896551724e-09	8.000000368421051e-01	8.641625591800452e-02	1.642511222017054e-02	
2.700000896551724e-09	9.000000421052630e-01	7.007556124871683e-02	3.479800764509579e-02	
2.700000896551724e-09	1.000000047368421e+00	8.035988455305768e-02	5.548506101535534e-02	
2.700000896551724e-09	1.100000052631579e+00	1.111777187926382e-01	4.455281760863193e-02	
2.700000896551724e-09	1.200000057894737e+00	1.508580330515413e-01	3.408918823373817e-02	
2.700000896551724e-09	1.300000063157895e+00	1.553355838979549e-01	1.787448496667475e-02	
2.700000896551724e-09	1.400000068421052e+00	1.600741182340593e-01	2.638987286433122e-02	
2.700000896551724e-09	1.500000073684210e+00	1.619237018021151e-01	2.929784761580887e-02	
2.700000896551724e-09	1.600000078947368e+00	1.664401737894609e-01	2.487809320832333e-02	
2.700000896551724e-09	1.700000084210526e+00	1.582476908394973e-01	3.147946994234533e-02	
2.700000896551724e-09	1.800000089473684e+00	1.445453429944405e-01	2.076105442826164e-02	
2.700000896551724e-09	1.900000094736842e+00	1.447944542068228e-01	3.570568321046314e-02	
2.700000896551724e-09	2.000000100000000e+00	1.320872835552872e-01	3.793481001799783e-02	
2.800000931034482e-09	2.000000052631579e-01	1.231670052147515e-04	4.685876546507792e-04	
2.800000931034482e-09	3.000000105263158e-01	3.728129282688846e-04	9.143208488958811e-04	
2.800000931034482e-09	1.000000000000000e-01	0.000000000000000e+00	0.000000000000000e+00	
2.800000931034482e-09	4.000000157894736e-01	1.582372893387703e-02	1.071944360347121e-02	
2.800000931034482e-09	5.000000210526315e-01	5.009280066521926e-02	1.061102222820138e-02	
2.800000931034482e-09	6.000000263157893e-01	6.443977713311654e-02	9.536159134648812e-03	
2.800000931034482e-09	7.000000315789472e-01	7.482549743972268e-02	1.403541726850682e-02	
2.800000931034482e-09	8.000000368421051e-01	8.725602258664905e-02	1.567670717684348e-02	
2.800000931034482e-09	9.000000421052630e-01	7.115010178413932e-02	3.721584195620480e-02	
2.800000931034482e-09	1.000000047368421e+00	7.757261979141164e-02	5.207195084002546e-02	
2.800000931034482e-09	1.100000052631579e+00	1.139480857243110e-01	4.251138411325530e-02	
2.800000931034482e-09	1.200000057894737e+00	1.320011516454347e-01	3.153666491715520e-02	
2.800000931034482e-09	1.300000063157895e+00	1.516481526515525e-01	2.542552878774635e-02	
2.800000931034482e-09	1.400000068421052e+00	1.560967893330032e-01	2.499279295321710e-02	
2.800000931034482e-09	1.500000073684210e+00	1.707740274258253e-01	2.250726101125789e-02	
2.800000931034482e-09	1.600000078947368e+00	1.604037714343293e-01	3.096883635056390e-02	
2.800000931034482e-09	1.700000084210526e+00	1.491590502396134e-01	2.415534956864818e-02	
2.800000931034482e-09	1.800000089473684e+00	1.497868078461929e-01	3.131767361657584e-02	
2.800000931034482e-09	1.900000094736842e+00	1.352021173637761e-01	2.851809647893109e-02	
2.800000931034482e-09	2.000000100000000e+00	1.350970819500906e-01	3.698726182134298e-02	
2.900000965517241e-09	2.000000052631579e-01	3.096634703221530e-05	1.349791773640372e-04	
2.900000965517241e-09	3.000000105263158e-01	1.484971804779043e-04	5.781116600193155e-04	
2.900000965517241e-09	1.000000000000000e-01	0.000000000000000e+00	0.000000000000000e+00	
2.900000965517241e-09	4.000000157894736e-01	9.008416899456455e-03	9.020113231080474e-03	
2.900000965517241e-09	5.000000210526315e-01	5.058193641439588e-02	1.352296218675006e-02	
2.900000965517241e-09	6.000000263157893e-01	7.314829409033688e-02	1.196465342251255e-02	
2.900000965517241e-09	7.000000315789472e-01	7.210965416786497e-02	1.103665552807750e-02	
2.900000965517241e-09	8.000000368421051e-01	8.563629471776132e-02	1.662877389351615e-02	
2.900000965517241e-09	9.000000421052630e-01	7.992715612820087e-02	3.713921431941509e-02	
2.900000965517241e-09	1.000000047368421e+00	7.979437025919317e-02	5.637076285228229e-02	
2.900000965517241e-09	1.100000052631579e+00	1.087228462703680e-01	5.716675758753053e-02	
2.900000965517241e-09	1.200000057894737e+00	1.374045331380283e-01	3.016553296180885e-02	
2.900000965517241e-09	1.300000063157895e+00	1.553665458160992e-01	2.246801819512349e-02	
2.900000965517241e-09	1.400000068421052e+00	1.720054228115193e-01	2.537475869040189e-02	
2.900000965517241e-09	1.500000073684210e+00	1.598978764208190e-01	2.726811674695490e-02	
2.900000965517241e-09	1.600000078947368e+00	1.626498917507199e-01	2.763540250182557e-02	
2.900000965517241e-09	1.700000084210526e+00	1.521737586314509e-01	2.510930212513664e-02	
2.900000965517241e-09	1.800000089473684e+00	1.532192527956817e-01	3.146863271654137e-02	
2.900000965517241e-09	1.900000094736842e+00	1.339477902411202e-01	3.171292406125215e-02	
2.900000965517241e-09	2.000000100000000e+00	1.286500176800779e-01	2.940344144363549e-02	
3.000001000000000e-09	1.000000000000000e-01	0.000000000000000e+00	0.000000000000000e+00	
3.000001000000000e-09	4.000000157894736e-01	7.512267959113135e-03	8.334404128689849e-03	
3.000001000000000e-09	3.000000105263158e-01	1.599260815099328e-05	6.971016277382459e-05	
3.000001000000000e-09	2.000000052631579e-01	3.096634703221530e-05	1.349791773640372e-04	
3.000001000000000e-09	5.000000210526315e-01	4.363105513090623e-02	1.301013696952057e-02	
3.000001000000000e-09	6.000000263157893e-01	6.291078272650655e-02	1.006931634115940e-02	
3.000001000000000e-09	7.000000315789472e-01	7.055618062468255e-02	1.306365099784936e-02	
3.000001000000000e-09	8.000000368421051e-01	8.952201312845433e-02	1.687440648194917e-02	
3.000001000000000e-09	9.000000421052630e-01	7.556476202593240e-02	3.072159563786521e-02	
3.000001000000000e-09	1.000000047368421e+00	8.247706641107054e-02	5.746443810255254e-02	
3.000001000000000e-09	1.100000052631579e+00	1.166283076317991e-01	3.200456666799256e-02	
3.000001000000000e-09	1.200000057894737e+00	1.361060088210166e-01	2.856992769047707e-02	
3.000001000000000e-09	1.300000063157895e+00	1.565507494789023e-01	2.143259780163286e-02	
3.000001000000000e-09	1.400000068421052e+00	1.542794242885092e-01	2.373074206448499e-02	
3.000001000000000e-09	1.500000073684210e+00	1.575153551841156e-01	2.441401278688886e-02	
3.000001000000000e-09	1.600000078947368e+00	1.588252909894996e-01	2.140794468973540e-02	
3.000001000000000e-09	1.700000084210526e+00	1.580953042535961e-01	3.116456486778568e-02	
3.000001000000000e-09	1.800000089473684e+00	1.412486574176982e-01	2.666898658526277e-02	
3.000001000000000e-09	1.900000094736842e+00	1.411249103585953e-01	2.940795349030955e-02	
3.000001000000000e-09	2.000000100000000e+00	1.274853170242637e-01	2.802031484646981e-02	
