Pattern lengths:
[ 0.188  0.777  1.054  1.147  1.216  1.29   1.74   1.835  2.   ]
Pattern numbers:
[ 	0	0	0	1	1	0	1	0	1]
Activation levels:
[[ 0.23655062  0.27196405  0.3820108   0.00540435  0.90160931  0.57934998	0.09968009  0.72171114  0.50943618  0.        ]
 [ 0.60462739  0.73664611  0.53205113  0.30812673  0.62898245  0.73150178	0.08044112  0.56879873  0.3749151   0.95491723]
 [ 0.13382648  0.05554276  0.02133615  0.11501104  0.11829632  0.46020705	0.26936831  0.5498713   0.43838369  0.12374189]
 [ 0.63640271  0.00465132  0.79652584  0.13513131  0.81843944  0.19430865	1.          0.17048583  0.10811192  0.57747097]
 [ 0.53119776  0.19803484  0.34876965  0.40531981  0.53204694  0.55914567	1.          0.77524052  0.10811192  0.2838915 ]
 [ 0.59875949  0.19290384  0.94705868  0.70610335  0.67999951  0.66982555	0.82797914  0.58683558  0.95132926  0.97286171]
 [ 0.46212059  0.07682516  0.34356231  0.71859664  0.97813264  0.69227348	1.          0.66175744  0.10811192  0.23600677]
 [ 0.84679849  0.52392538  0.26859292  0.43888429  0.66380356  0.35001647	0.54596692  0.68396522  0.01676232  0.24146215]
 [ 0.60727537  0.39266103  0.25191729  0.14521859  0.32602201  0.96588795	1.          0.8056263   0.10811192  0.40380222]]
Colours:
[[  61.,   70.,   98.,    1.,  231.,  148.,   26.,  185.,  130., 0.],
 [ 155.,  189.,  136.,   79.,  161.,  187.,   21.,  146.,   96., 244.],
 [  34.,   14.,    5.,   29.,   30.,  118.,   69.,  141.,  112., 32.],
 [ 163.,    1.,  204.,   35.,  210.,   50.,  256.,   44.,   28., 148.],
 [ 136.,   51.,   89.,  104.,  136.,  143.,  256.,  198.,   28., 73.],
 [ 153.,   49.,  242.,  181.,  174.,  171.,  212.,  150.,  244., 249.],
 [ 118.,   20.,   88.,  184.,  250.,  177.,  256.,  169.,   28., 60.],
 [ 217.,  134.,   69.,  112.,  170.,   90.,  140.,  175.,    4., 62.],

 [ 155.,  101.,   64.,   37.,   83.,  247.,  256.,  206.,   28., 103.]]