1.000000000000000e-10	3.000000105263158e-01	1.158397128958011e-02	1.155901561333729e-02	
1.000000000000000e-10	1.000000000000000e-01	5.428808469754906e-03	2.343856933396243e-03	
1.000000000000000e-10	5.000000210526315e-01	2.938609529546858e-02	2.396959344799785e-02	
1.000000000000000e-10	2.000000052631579e-01	6.506462596799140e-03	2.898954024687264e-03	
1.000000000000000e-10	4.000000157894736e-01	1.703918814771930e-02	1.670113838223204e-02	
1.000000000000000e-10	6.000000263157893e-01	5.700246349332309e-02	4.126910571473697e-02	
1.000000000000000e-10	7.000000315789472e-01	8.389793116382131e-02	3.773837422081212e-02	
1.000000000000000e-10	8.000000368421051e-01	1.080678449698056e-01	2.238536273013093e-02	
1.000000000000000e-10	1.000000047368421e+00	1.218738073125839e-01	1.717362617243662e-02	
1.000000000000000e-10	9.000000421052630e-01	1.216057613268114e-01	1.830683391316937e-02	
1.000000000000000e-10	1.100000052631579e+00	1.156999596181511e-01	1.759841259343311e-02	
1.000000000000000e-10	1.200000057894737e+00	1.092737302129946e-01	1.878903913471986e-02	
1.000000000000000e-10	1.300000063157895e+00	9.973177199201297e-02	2.089968871642886e-02	
1.000000000000000e-10	1.400000068421052e+00	8.984684586726389e-02	2.218198184374141e-02	
1.000000000000000e-10	1.600000078947368e+00	7.313390464299506e-02	2.253302593414873e-02	
1.000000000000000e-10	1.500000073684210e+00	8.033568435909266e-02	2.240371394228368e-02	
1.000000000000000e-10	1.700000084210526e+00	6.491774919696101e-02	2.113916892819179e-02	
1.000000000000000e-10	1.800000089473684e+00	6.004162059991951e-02	2.006417822575211e-02	
1.000000000000000e-10	1.900000094736842e+00	5.593630147804383e-02	1.553959117441036e-02	
2.000000526315790e-10	1.000000000000000e-01	5.022342205667837e-03	2.581800741687339e-03	
2.000000526315790e-10	2.000000052631579e-01	7.386053048099718e-03	8.820946164905401e-03	
2.000000526315790e-10	3.000000105263158e-01	1.183688815602973e-02	1.486213781012820e-02	
1.000000000000000e-10	2.000000100000000e+00	5.301764181880905e-02	1.535231313537765e-02	
2.000000526315790e-10	4.000000157894736e-01	2.268076735468059e-02	2.264474770635583e-02	
2.000000526315790e-10	5.000000210526315e-01	5.676338445274400e-02	5.180258872296875e-02	
2.000000526315790e-10	6.000000263157893e-01	8.691814451426953e-02	6.253031638651839e-02	
2.000000526315790e-10	7.000000315789472e-01	1.316673472679145e-01	5.008483065753331e-02	
2.000000526315790e-10	8.000000368421051e-01	1.798175803704823e-01	4.793381529087485e-02	
2.000000526315790e-10	9.000000421052630e-01	2.079838128014436e-01	5.008360014939756e-02	
2.000000526315790e-10	1.000000047368421e+00	2.251778688713508e-01	3.943292894729925e-02	
2.000000526315790e-10	1.100000052631579e+00	2.350008884557226e-01	3.656678830374727e-02	
2.000000526315790e-10	1.200000057894737e+00	2.402551991138468e-01	2.909610735047732e-02	
2.000000526315790e-10	1.300000063157895e+00	2.305639009484425e-01	3.072930682733166e-02	
2.000000526315790e-10	1.400000068421052e+00	2.142171803064775e-01	2.997448224825600e-02	
2.000000526315790e-10	1.500000073684210e+00	1.973493273181432e-01	3.748518469198765e-02	
2.000000526315790e-10	1.600000078947368e+00	1.883180856030021e-01	4.707029021683664e-02	
2.000000526315790e-10	1.700000084210526e+00	1.700532334395536e-01	4.948257018257612e-02	
2.000000526315790e-10	1.800000089473684e+00	1.470095010441922e-01	4.865543565857339e-02	
3.000001052631579e-10	1.000000000000000e-01	6.302238232202800e-03	3.257165059394740e-03	
2.000000526315790e-10	1.900000094736842e+00	1.336514405044347e-01	5.313421976167945e-02	
3.000001052631579e-10	2.000000052631579e-01	8.750443118255357e-03	9.305182637027147e-03	
2.000000526315790e-10	2.000000100000000e+00	1.232527468194854e-01	4.590941636434771e-02	
3.000001052631579e-10	3.000000105263158e-01	1.324607204291496e-02	1.601402243600553e-02	
3.000001052631579e-10	4.000000157894736e-01	3.474509277992413e-02	3.423803647837604e-02	
3.000001052631579e-10	5.000000210526315e-01	6.445121014381472e-02	5.634222243401239e-02	
3.000001052631579e-10	6.000000263157893e-01	1.226304334573875e-01	9.989502505034123e-02	
3.000001052631579e-10	7.000000315789472e-01	1.781590615122761e-01	9.882948536527954e-02	
3.000001052631579e-10	8.000000368421051e-01	2.221742687630570e-01	7.368360388836781e-02	
3.000001052631579e-10	9.000000421052630e-01	2.593483196614526e-01	6.849172749120636e-02	
3.000001052631579e-10	1.000000047368421e+00	3.200091072540182e-01	4.729546466469859e-02	
3.000001052631579e-10	1.100000052631579e+00	3.338177387476069e-01	5.288412556566548e-02	
3.000001052631579e-10	1.200000057894737e+00	3.282840932216980e-01	5.976873147884558e-02	
3.000001052631579e-10	1.300000063157895e+00	3.581516674455343e-01	5.619289590375905e-02	
3.000001052631579e-10	1.400000068421052e+00	3.388528346564822e-01	5.561211957693528e-02	
3.000001052631579e-10	1.500000073684210e+00	3.085486661790936e-01	4.062508783506173e-02	
3.000001052631579e-10	1.600000078947368e+00	2.869505677697349e-01	5.585601343313269e-02	
3.000001052631579e-10	1.700000084210526e+00	2.826560951368496e-01	6.688498760403765e-02	
3.000001052631579e-10	1.800000089473684e+00	2.470065291052772e-01	5.793517236598320e-02	
4.000001578947368e-10	1.000000000000000e-01	6.260926857830999e-03	2.137939969441937e-03	
3.000001052631579e-10	1.900000094736842e+00	2.203101537555262e-01	6.195911996086369e-02	
4.000001578947368e-10	2.000000052631579e-01	1.095787239853293e-02	1.033674176537256e-02	
3.000001052631579e-10	2.000000100000000e+00	2.046712885170128e-01	6.025767363535197e-02	
4.000001578947368e-10	3.000000105263158e-01	1.610751694520363e-02	1.773509905136324e-02	
4.000001578947368e-10	4.000000157894736e-01	3.685096650461542e-02	3.192087087447344e-02	
4.000001578947368e-10	5.000000210526315e-01	6.649202068740198e-02	5.549240694246451e-02	
4.000001578947368e-10	6.000000263157893e-01	1.503631198051565e-01	1.348371005801209e-01	
4.000001578947368e-10	7.000000315789472e-01	2.324438791713808e-01	1.188634480513670e-01	
4.000001578947368e-10	8.000000368421051e-01	2.839064495369417e-01	1.144440755434230e-01	
4.000001578947368e-10	9.000000421052630e-01	3.454010451331055e-01	9.424913582464775e-02	
4.000001578947368e-10	1.000000047368421e+00	3.717888061537837e-01	9.501051775216582e-02	
4.000001578947368e-10	1.100000052631579e+00	4.050580535901864e-01	8.866740592841081e-02	
4.000001578947368e-10	1.200000057894737e+00	4.169146932276869e-01	6.743590014365695e-02	
4.000001578947368e-10	1.300000063157895e+00	4.210002793723805e-01	7.320350259729126e-02	
4.000001578947368e-10	1.400000068421052e+00	4.256815094993396e-01	7.607552745022696e-02	
4.000001578947368e-10	1.500000073684210e+00	3.999665638987187e-01	6.571709414763922e-02	
4.000001578947368e-10	1.600000078947368e+00	3.868884729965555e-01	8.708713185616711e-02	
4.000001578947368e-10	1.700000084210526e+00	3.500470481193824e-01	6.547193004825427e-02	
4.000001578947368e-10	1.800000089473684e+00	3.078651805578272e-01	7.400149574200175e-02	
5.000002105263157e-10	1.000000000000000e-01	8.226434236916729e-03	3.685241917981288e-03	
4.000001578947368e-10	1.900000094736842e+00	2.939403227686684e-01	7.099190754072709e-02	
4.000001578947368e-10	2.000000100000000e+00	2.663401751107203e-01	6.632478763625108e-02	
5.000002105263157e-10	2.000000052631579e-01	1.107587274407101e-02	1.320816383942696e-02	
5.000002105263157e-10	3.000000105263158e-01	2.314821482344680e-02	2.192405952443472e-02	
5.000002105263157e-10	4.000000157894736e-01	4.318810064476928e-02	3.558477931182982e-02	
5.000002105263157e-10	5.000000210526315e-01	9.198967730890913e-02	8.449636049386662e-02	
5.000002105263157e-10	6.000000263157893e-01	1.944673434846612e-01	1.203071175406422e-01	
5.000002105263157e-10	7.000000315789472e-01	2.668470011966945e-01	1.553225946068845e-01	
5.000002105263157e-10	8.000000368421051e-01	3.119187329909194e-01	1.242564847363310e-01	
5.000002105263157e-10	9.000000421052630e-01	3.907047740423077e-01	1.385994611973208e-01	
5.000002105263157e-10	1.000000047368421e+00	4.267594907751757e-01	8.205288394091183e-02	
5.000002105263157e-10	1.100000052631579e+00	4.694382394472229e-01	7.578416301000540e-02	
5.000002105263157e-10	1.200000057894737e+00	4.660864709046425e-01	8.575899986815502e-02	
5.000002105263157e-10	1.300000063157895e+00	4.923371267045128e-01	7.957452057966563e-02	
5.000002105263157e-10	1.400000068421052e+00	4.564745755205510e-01	9.052253707916418e-02	
5.000002105263157e-10	1.500000073684210e+00	4.533332395702360e-01	7.186302722255002e-02	
5.000002105263157e-10	1.600000078947368e+00	4.639673193942193e-01	7.136432990506884e-02	
5.000002105263157e-10	1.700000084210526e+00	3.962020785944488e-01	9.473657447132103e-02	
5.000002105263157e-10	1.800000089473684e+00	3.639018186144274e-01	7.272986726398030e-02	
5.000002105263157e-10	1.900000094736842e+00	3.463050789457886e-01	9.603783021254299e-02	
5.000002105263157e-10	2.000000100000000e+00	3.318824478871211e-01	8.402507000003362e-02	
6.000002631578947e-10	1.000000000000000e-01	1.043175524030854e-02	5.164378917819515e-03	
6.000002631578947e-10	2.000000052631579e-01	1.482840727645660e-02	1.227235096668163e-02	
6.000002631578947e-10	3.000000105263158e-01	2.451090709117801e-02	2.155658397394820e-02	
6.000002631578947e-10	4.000000157894736e-01	4.608565920391351e-02	3.535469488998483e-02	
6.000002631578947e-10	5.000000210526315e-01	9.650112246871390e-02	7.860204188461914e-02	
6.000002631578947e-10	6.000000263157893e-01	2.428355089515439e-01	1.425040211319490e-01	
6.000002631578947e-10	7.000000315789472e-01	3.211883777720089e-01	1.539933434942060e-01	
6.000002631578947e-10	8.000000368421051e-01	3.477321569595690e-01	1.616886715635792e-01	
6.000002631578947e-10	9.000000421052630e-01	4.296154231740965e-01	1.457455384247075e-01	
6.000002631578947e-10	1.000000047368421e+00	4.703991514902485e-01	9.791613519469321e-02	
6.000002631578947e-10	1.100000052631579e+00	5.124257749612838e-01	8.084322599485608e-02	
6.000002631578947e-10	1.200000057894737e+00	5.095455283892023e-01	9.622399388614365e-02	
6.000002631578947e-10	1.300000063157895e+00	5.200405629084530e-01	6.706921380412752e-02	
6.000002631578947e-10	1.400000068421052e+00	5.034691460169063e-01	1.079018965965391e-01	
6.000002631578947e-10	1.500000073684210e+00	5.060715719286115e-01	1.081085375998418e-01	
6.000002631578947e-10	1.600000078947368e+00	4.797537847497709e-01	9.803350908792852e-02	
6.000002631578947e-10	1.700000084210526e+00	3.864253281342019e-01	8.020880863285350e-02	
6.000002631578947e-10	1.800000089473684e+00	4.137446068162558e-01	8.453002709809233e-02	
6.000002631578947e-10	1.900000094736842e+00	3.813486624244369e-01	8.001723135548200e-02	
6.000002631578947e-10	2.000000100000000e+00	3.368791119238836e-01	8.765971405606064e-02	
7.000003157894736e-10	1.000000000000000e-01	1.249046477317126e-02	4.635185016083547e-03	
7.000003157894736e-10	2.000000052631579e-01	1.587791855913320e-02	1.298321551973583e-02	
7.000003157894736e-10	3.000000105263158e-01	2.898227172688058e-02	2.042905489360997e-02	
7.000003157894736e-10	4.000000157894736e-01	5.591158498225216e-02	4.356426321678356e-02	
7.000003157894736e-10	5.000000210526315e-01	1.199953822043882e-01	8.351074047334847e-02	
7.000003157894736e-10	6.000000263157893e-01	2.449522835124986e-01	1.302255950071114e-01	
7.000003157894736e-10	7.000000315789472e-01	3.287030181331925e-01	1.495446141000976e-01	
7.000003157894736e-10	8.000000368421051e-01	3.657060635387394e-01	1.430007314799070e-01	
7.000003157894736e-10	9.000000421052630e-01	4.288931532890720e-01	1.439532261938085e-01	
7.000003157894736e-10	1.000000047368421e+00	5.125812027966223e-01	9.882779428756079e-02	
7.000003157894736e-10	1.100000052631579e+00	5.533197760461217e-01	9.031463365775551e-02	
7.000003157894736e-10	1.200000057894737e+00	5.408694297168266e-01	9.881690591653580e-02	
7.000003157894736e-10	1.300000063157895e+00	5.462117532215409e-01	8.965462453799017e-02	
7.000003157894736e-10	1.400000068421052e+00	5.416956492366373e-01	9.330819241279419e-02	
7.000003157894736e-10	1.500000073684210e+00	5.221768019059028e-01	9.238491737921176e-02	
7.000003157894736e-10	1.600000078947368e+00	4.868058726776400e-01	9.419721393306453e-02	
7.000003157894736e-10	1.700000084210526e+00	4.791849555723046e-01	9.138891507282723e-02	
7.000003157894736e-10	1.800000089473684e+00	4.240757834945003e-01	9.371615028791201e-02	
7.000003157894736e-10	1.900000094736842e+00	3.792415885814874e-01	1.131151371663768e-01	
7.000003157894736e-10	2.000000100000000e+00	3.562922598769708e-01	1.037072603400234e-01	
8.000003684210525e-10	1.000000000000000e-01	1.608713515743496e-02	7.221211166426581e-03	
8.000003684210525e-10	2.000000052631579e-01	1.944196938117699e-02	1.636767187912114e-02	
8.000003684210525e-10	3.000000105263158e-01	3.154308452954307e-02	2.076488980978310e-02	
8.000003684210525e-10	4.000000157894736e-01	5.984779296118594e-02	3.905302432972638e-02	
8.000003684210525e-10	5.000000210526315e-01	1.213442697377102e-01	7.720073838512410e-02	
8.000003684210525e-10	6.000000263157893e-01	2.125280977866562e-01	1.021778568808735e-01	
8.000003684210525e-10	7.000000315789472e-01	2.774916087526071e-01	1.345596008690450e-01	
8.000003684210525e-10	8.000000368421051e-01	3.280844294957306e-01	1.555964540182137e-01	
8.000003684210525e-10	9.000000421052630e-01	4.524679764648127e-01	1.446958670312589e-01	
8.000003684210525e-10	1.000000047368421e+00	5.530046579200195e-01	9.134659829615382e-02	
8.000003684210525e-10	1.100000052631579e+00	5.362122350215028e-01	7.873451448141376e-02	
8.000003684210525e-10	1.200000057894737e+00	5.756944195533992e-01	9.881892476303335e-02	
8.000003684210525e-10	1.300000063157895e+00	5.664907015089364e-01	7.380333136314277e-02	
8.000003684210525e-10	1.400000068421052e+00	5.624189778659165e-01	1.044445183542280e-01	
8.000003684210525e-10	1.500000073684210e+00	4.989669132320834e-01	7.369310427114778e-02	
8.000003684210525e-10	1.600000078947368e+00	5.099976279237477e-01	8.437751673064142e-02	
8.000003684210525e-10	1.700000084210526e+00	4.418234911772086e-01	1.109576841179587e-01	
8.000003684210525e-10	1.800000089473684e+00	4.211919460152533e-01	1.016478647415168e-01	
8.000003684210525e-10	1.900000094736842e+00	4.274607089334876e-01	9.756176531574973e-02	
8.000003684210525e-10	2.000000100000000e+00	3.860798683892936e-01	9.489165988634696e-02	
9.000004210526315e-10	1.000000000000000e-01	1.342015859308006e-02	7.728437366230961e-03	
9.000004210526315e-10	2.000000052631579e-01	1.895639771846284e-02	1.109985445481895e-02	
9.000004210526315e-10	3.000000105263158e-01	2.980985897325477e-02	1.853324881021468e-02	
9.000004210526315e-10	4.000000157894736e-01	7.175129924409362e-02	5.471330667517574e-02	
9.000004210526315e-10	5.000000210526315e-01	1.413404808606254e-01	5.766496045967983e-02	
9.000004210526315e-10	6.000000263157893e-01	2.117430246060611e-01	9.058220407961194e-02	
9.000004210526315e-10	7.000000315789472e-01	2.634840166345014e-01	1.472998197723533e-01	
9.000004210526315e-10	8.000000368421051e-01	3.288096726894053e-01	1.649934300421379e-01	
9.000004210526315e-10	9.000000421052630e-01	4.315063886208994e-01	1.352214332110016e-01	
9.000004210526315e-10	1.000000047368421e+00	5.509280508959834e-01	7.323223386812729e-02	
9.000004210526315e-10	1.100000052631579e+00	5.602109660918827e-01	1.144914177872850e-01	
9.000004210526315e-10	1.200000057894737e+00	5.518747320301235e-01	9.466461166801604e-02	
9.000004210526315e-10	1.300000063157895e+00	5.053158363674805e-01	8.997159213060864e-02	
9.000004210526315e-10	1.400000068421052e+00	5.088195765881804e-01	9.175751181827789e-02	
9.000004210526315e-10	1.500000073684210e+00	5.580627926685680e-01	8.003238773062447e-02	
9.000004210526315e-10	1.600000078947368e+00	5.101249400697300e-01	8.464020339194248e-02	
9.000004210526315e-10	1.700000084210526e+00	4.687488502171742e-01	1.091872554650854e-01	
9.000004210526315e-10	1.800000089473684e+00	4.311519488080547e-01	1.109489481220581e-01	
9.000004210526315e-10	1.900000094736842e+00	4.106584296693132e-01	1.084766373588461e-01	
9.000004210526315e-10	2.000000100000000e+00	4.294390321195200e-01	1.310826949318753e-01	
1.000000473684210e-09	1.000000000000000e-01	1.394121193880355e-02	1.035197219119195e-02	
1.000000473684210e-09	2.000000052631579e-01	1.780119882929293e-02	1.114590878461543e-02	
1.000000473684210e-09	3.000000105263158e-01	3.219640156913638e-02	1.920715181743158e-02	
1.000000473684210e-09	4.000000157894736e-01	7.381176215320047e-02	4.329595190330733e-02	
1.000000473684210e-09	5.000000210526315e-01	1.486125140635720e-01	6.329476680659696e-02	
1.000000473684210e-09	6.000000263157893e-01	1.781146154804649e-01	7.479151554296452e-02	
1.000000473684210e-09	7.000000315789472e-01	2.217633184144834e-01	1.159390688977600e-01	
1.000000473684210e-09	8.000000368421051e-01	3.537409900727220e-01	1.133175598814572e-01	
1.000000473684210e-09	9.000000421052630e-01	4.540253163366746e-01	9.840964952924165e-02	
1.000000473684210e-09	1.000000047368421e+00	5.207327231576153e-01	9.480498419283495e-02	
1.000000473684210e-09	1.100000052631579e+00	5.448107550395626e-01	8.802258990732761e-02	
1.000000473684210e-09	1.200000057894737e+00	5.316986771411344e-01	1.036196868224940e-01	
1.000000473684210e-09	1.300000063157895e+00	5.835446016042954e-01	9.205441830018836e-02	
1.000000473684210e-09	1.400000068421052e+00	5.595996219661920e-01	8.435588912853548e-02	
1.000000473684210e-09	1.500000073684210e+00	4.697307662084815e-01	9.026731852950483e-02	
1.000000473684210e-09	1.600000078947368e+00	4.927709518667495e-01	1.061341296304792e-01	
1.000000473684210e-09	1.700000084210526e+00	4.764453226812638e-01	1.022930877244738e-01	
1.000000473684210e-09	1.800000089473684e+00	4.531214228705199e-01	1.199196613986365e-01	
1.000000473684210e-09	1.900000094736842e+00	4.318048690003814e-01	1.270569392923159e-01	
1.000000473684210e-09	2.000000100000000e+00	3.973860620721655e-01	9.931432365189535e-02	
1.100000526315789e-09	1.000000000000000e-01	1.300061741944857e-02	7.950004406014765e-03	
1.100000526315789e-09	2.000000052631579e-01	1.765783371675242e-02	1.236677142244746e-02	
1.100000526315789e-09	3.000000105263158e-01	2.098045290979022e-02	1.949146807612619e-02	
1.100000526315789e-09	4.000000157894736e-01	7.142272235096761e-02	3.921397917607488e-02	
1.100000526315789e-09	5.000000210526315e-01	1.411092856427946e-01	6.513578480640289e-02	
1.100000526315789e-09	6.000000263157893e-01	1.867181476985030e-01	8.522952254431401e-02	
1.100000526315789e-09	7.000000315789472e-01	1.984058310498106e-01	1.193253157660917e-01	
1.100000526315789e-09	8.000000368421051e-01	3.210281493758166e-01	1.203043253173376e-01	
1.100000526315789e-09	9.000000421052630e-01	4.414002064606158e-01	1.299235997425400e-01	
1.100000526315789e-09	1.000000047368421e+00	5.219957976010302e-01	1.003767694471452e-01	
1.100000526315789e-09	1.100000052631579e+00	5.841767091243160e-01	7.968063594787397e-02	
1.100000526315789e-09	1.200000057894737e+00	5.099110935650714e-01	1.228215738795393e-01	
1.100000526315789e-09	1.300000063157895e+00	5.223475790711415e-01	1.059228476991860e-01	
1.100000526315789e-09	1.400000068421052e+00	5.698187943054116e-01	1.089743168825617e-01	
1.100000526315789e-09	1.500000073684210e+00	5.220501313530308e-01	1.060979849798188e-01	
1.100000526315789e-09	1.600000078947368e+00	4.955683827230716e-01	1.294594838682167e-01	
1.100000526315789e-09	1.700000084210526e+00	4.611526116367213e-01	1.202417314315395e-01	
1.100000526315789e-09	1.800000089473684e+00	4.717837761209188e-01	1.108507495221130e-01	
1.100000526315789e-09	1.900000094736842e+00	4.148446886970948e-01	9.371189353887928e-02	
1.100000526315789e-09	2.000000100000000e+00	3.765621852169043e-01	1.158043377707597e-01	
1.200000578947369e-09	1.000000000000000e-01	1.279827945366726e-02	7.726436724879741e-03	
1.200000578947369e-09	2.000000052631579e-01	1.493694020963455e-02	9.266256059373130e-03	
1.200000578947369e-09	3.000000105263158e-01	1.800778435625947e-02	1.326210942691885e-02	
1.200000578947369e-09	4.000000157894736e-01	6.875791230415082e-02	4.346800103084398e-02	
1.200000578947369e-09	5.000000210526315e-01	1.561514272183513e-01	6.502070783419935e-02	
1.200000578947369e-09	6.000000263157893e-01	1.860772618648563e-01	7.334516291395479e-02	
1.200000578947369e-09	7.000000315789472e-01	2.023509675916659e-01	1.195630508972319e-01	
1.200000578947369e-09	8.000000368421051e-01	2.828282080157096e-01	1.211913455623193e-01	
1.200000578947369e-09	9.000000421052630e-01	4.157588064876243e-01	1.033086122978624e-01	
1.200000578947369e-09	1.000000047368421e+00	5.164248770446617e-01	1.202440645626425e-01	
1.200000578947369e-09	1.100000052631579e+00	5.574256575114954e-01	1.016279660501083e-01	
1.200000578947369e-09	1.200000057894737e+00	5.636914574965128e-01	9.959690155574435e-02	
1.200000578947369e-09	1.300000063157895e+00	5.549537253178791e-01	9.043824850481068e-02	
1.200000578947369e-09	1.400000068421052e+00	5.442083491198828e-01	1.331194330451234e-01	
1.200000578947369e-09	1.500000073684210e+00	5.675374129485959e-01	9.777677528156652e-02	
1.200000578947369e-09	1.600000078947368e+00	4.960809426111772e-01	8.160933411751320e-02	
1.200000578947369e-09	1.700000084210526e+00	4.985535664786450e-01	1.173508634114916e-01	
1.200000578947369e-09	1.800000089473684e+00	4.969203404769466e-01	1.186677579903503e-01	
1.200000578947369e-09	1.900000094736842e+00	3.879577015706057e-01	1.249087738809042e-01	
1.200000578947369e-09	2.000000100000000e+00	3.984662683924001e-01	1.428980284511125e-01	
1.300000631578947e-09	1.000000000000000e-01	1.353287571243123e-02	8.351771258310686e-03	
1.300000631578947e-09	2.000000052631579e-01	1.058583715702347e-02	6.664930421799038e-03	
1.300000631578947e-09	3.000000105263158e-01	1.640850194501063e-02	1.294103805067786e-02	
1.300000631578947e-09	4.000000157894736e-01	4.827194526465431e-02	3.949582284869450e-02	
1.300000631578947e-09	5.000000210526315e-01	1.434995239355093e-01	5.511207611819060e-02	
1.300000631578947e-09	6.000000263157893e-01	1.709608392959240e-01	8.732826325936299e-02	
1.300000631578947e-09	7.000000315789472e-01	2.031008366564009e-01	1.055351765230623e-01	
1.300000631578947e-09	8.000000368421051e-01	2.532970550878818e-01	1.235457681874519e-01	
1.300000631578947e-09	9.000000421052630e-01	4.102882610293981e-01	1.254097599362698e-01	
1.300000631578947e-09	1.000000047368421e+00	5.158206154835588e-01	9.682499000667996e-02	
1.300000631578947e-09	1.100000052631579e+00	5.658810199557777e-01	9.850840295791106e-02	
1.300000631578947e-09	1.200000057894737e+00	5.584975344343416e-01	1.047192343452876e-01	
1.300000631578947e-09	1.300000063157895e+00	5.481013103197117e-01	7.336143677487919e-02	
1.300000631578947e-09	1.400000068421052e+00	5.035803574632187e-01	1.322077007149140e-01	
1.300000631578947e-09	1.500000073684210e+00	4.769689089266331e-01	9.418877324451759e-02	
1.300000631578947e-09	1.600000078947368e+00	5.258168492179104e-01	9.825678462787411e-02	
1.300000631578947e-09	1.700000084210526e+00	4.788930319569665e-01	1.338136366070958e-01	
1.300000631578947e-09	1.800000089473684e+00	4.886209647386980e-01	1.082825766060021e-01	
1.300000631578947e-09	1.900000094736842e+00	4.387533512793804e-01	1.374169570379519e-01	
1.300000631578947e-09	2.000000100000000e+00	3.633838419149145e-01	1.120385158611844e-01	
1.400000684210526e-09	1.000000000000000e-01	1.181893622160235e-02	5.934039899740663e-03	
1.400000684210526e-09	2.000000052631579e-01	9.275919680906655e-03	5.088356112528195e-03	
1.400000684210526e-09	3.000000105263158e-01	1.301533132130906e-02	1.144904801331028e-02	
1.400000684210526e-09	4.000000157894736e-01	3.778737615390775e-02	3.989136849622815e-02	
1.400000684210526e-09	5.000000210526315e-01	1.653618756261691e-01	7.590635457269884e-02	
1.400000684210526e-09	6.000000263157893e-01	1.874343723761070e-01	7.207363313909308e-02	
1.400000684210526e-09	7.000000315789472e-01	1.522695297574292e-01	1.218108061964100e-01	
1.400000684210526e-09	8.000000368421051e-01	2.750907704011378e-01	1.182695906243743e-01	
1.400000684210526e-09	9.000000421052630e-01	4.000051911878261e-01	1.046512515175548e-01	
1.400000684210526e-09	1.000000047368421e+00	5.044713047678796e-01	1.118312218827349e-01	
1.400000684210526e-09	1.100000052631579e+00	5.508162441284796e-01	1.097552343076458e-01	
1.400000684210526e-09	1.200000057894737e+00	5.634898970254187e-01	1.018660863227155e-01	
1.400000684210526e-09	1.300000063157895e+00	5.220750045860776e-01	1.176879293040267e-01	
1.400000684210526e-09	1.400000068421052e+00	4.856690690953828e-01	1.137713989565694e-01	
1.400000684210526e-09	1.500000073684210e+00	5.399545648707615e-01	1.159754366393784e-01	
1.400000684210526e-09	1.600000078947368e+00	5.262631807569229e-01	1.111049337202352e-01	
1.400000684210526e-09	1.700000084210526e+00	4.722767145865717e-01	9.024013535920740e-02	
1.400000684210526e-09	1.800000089473684e+00	4.320056610141831e-01	9.745004487704573e-02	
1.400000684210526e-09	1.900000094736842e+00	3.986468333397178e-01	1.279633591135300e-01	
1.400000684210526e-09	2.000000100000000e+00	3.659088322771923e-01	1.365289955657686e-01	
1.500000736842105e-09	1.000000000000000e-01	9.676900927589438e-03	5.922748671265867e-03	
1.500000736842105e-09	2.000000052631579e-01	1.213323386631970e-02	7.465054101734099e-03	
1.500000736842105e-09	3.000000105263158e-01	1.458630811054221e-02	1.281022205602100e-02	
1.500000736842105e-09	4.000000157894736e-01	2.930493745352201e-02	3.910266756964614e-02	
1.500000736842105e-09	5.000000210526315e-01	1.265875804863400e-01	6.143409730963077e-02	
1.500000736842105e-09	6.000000263157893e-01	1.760302519428281e-01	8.020378528557313e-02	
1.500000736842105e-09	7.000000315789472e-01	1.819936985660088e-01	1.195695778347884e-01	
1.500000736842105e-09	8.000000368421051e-01	2.225288973581564e-01	9.517108873323973e-02	
1.500000736842105e-09	9.000000421052630e-01	3.705395793063796e-01	1.087260450546269e-01	
1.500000736842105e-09	1.000000047368421e+00	4.873613283781436e-01	8.925395447044561e-02	
1.500000736842105e-09	1.100000052631579e+00	5.086799990199420e-01	1.037220151499810e-01	
1.500000736842105e-09	1.200000057894737e+00	5.558341867297835e-01	1.052375931683009e-01	
1.500000736842105e-09	1.300000063157895e+00	5.549337037948004e-01	8.459164648955936e-02	
1.500000736842105e-09	1.400000068421052e+00	5.518571569407419e-01	1.175476466357373e-01	
1.500000736842105e-09	1.500000073684210e+00	5.114671797128271e-01	1.189596169462903e-01	
1.500000736842105e-09	1.600000078947368e+00	4.882998667832743e-01	1.329011556000160e-01	
1.500000736842105e-09	1.700000084210526e+00	4.528541070363404e-01	8.901594618809805e-02	
1.500000736842105e-09	1.800000089473684e+00	4.520095709874387e-01	1.235899903519272e-01	
1.500000736842105e-09	1.900000094736842e+00	4.315059299749491e-01	1.095501005680842e-01	
1.500000736842105e-09	2.000000100000000e+00	3.969836885907524e-01	1.208849876847901e-01	
1.600000789473684e-09	1.000000000000000e-01	1.012796015537461e-02	5.083229357126290e-03	
1.600000789473684e-09	2.000000052631579e-01	1.036631033220355e-02	5.306042679897890e-03	
1.600000789473684e-09	3.000000105263158e-01	1.392068714596568e-02	7.271772287536762e-03	
1.600000789473684e-09	4.000000157894736e-01	2.270913439750106e-02	2.070752467488185e-02	
1.600000789473684e-09	5.000000210526315e-01	1.043860637884992e-01	4.944098390969735e-02	
1.600000789473684e-09	6.000000263157893e-01	2.055059549456245e-01	7.127104725774021e-02	
1.600000789473684e-09	7.000000315789472e-01	1.494221868991254e-01	1.068673744661330e-01	
1.600000789473684e-09	8.000000368421051e-01	1.811782111589695e-01	9.372681222095031e-02	
1.600000789473684e-09	9.000000421052630e-01	3.322627080990593e-01	1.243967864035441e-01	
1.600000789473684e-09	1.000000047368421e+00	4.526100554616648e-01	1.170110358124203e-01	
1.600000789473684e-09	1.100000052631579e+00	5.230862191092855e-01	8.056681250219842e-02	
1.600000789473684e-09	1.200000057894737e+00	4.980796285134089e-01	7.836980790305816e-02	
1.600000789473684e-09	1.300000063157895e+00	5.105576221620642e-01	7.522580946917568e-02	
1.600000789473684e-09	1.400000068421052e+00	5.237707327447902e-01	1.171869733588258e-01	
1.600000789473684e-09	1.500000073684210e+00	5.350811363893311e-01	9.499989535678045e-02	
1.600000789473684e-09	1.600000078947368e+00	4.722598867244707e-01	1.335895437676607e-01	
1.600000789473684e-09	1.700000084210526e+00	4.537234227716051e-01	1.268794418042283e-01	
1.600000789473684e-09	1.800000089473684e+00	4.077257413037193e-01	1.143065655858053e-01	
1.600000789473684e-09	1.900000094736842e+00	4.389265809142271e-01	1.042535157241606e-01	
1.600000789473684e-09	2.000000100000000e+00	3.731062109977990e-01	8.839905280849474e-02	
1.700000842105263e-09	1.000000000000000e-01	1.450939217435487e-02	7.209347675066941e-03	
1.700000842105263e-09	2.000000052631579e-01	1.157192302496885e-02	8.027919876920888e-03	
1.700000842105263e-09	3.000000105263158e-01	1.372221993451181e-02	8.808468035609618e-03	
1.700000842105263e-09	4.000000157894736e-01	1.752585183321069e-02	1.850293971883471e-02	
1.700000842105263e-09	5.000000210526315e-01	9.622892332208281e-02	4.518187922151171e-02	
1.700000842105263e-09	6.000000263157893e-01	1.880005970470327e-01	6.459387876257081e-02	
1.700000842105263e-09	7.000000315789472e-01	1.373286695755979e-01	1.105559705640149e-01	
1.700000842105263e-09	8.000000368421051e-01	1.741165938823486e-01	9.448693239761941e-02	
1.700000842105263e-09	9.000000421052630e-01	2.924814280367246e-01	9.894615097907726e-02	
1.700000842105263e-09	1.000000047368421e+00	4.624246487632216e-01	9.274483815294886e-02	
1.700000842105263e-09	1.100000052631579e+00	4.876776704688767e-01	8.249314731510392e-02	
1.700000842105263e-09	1.200000057894737e+00	5.244607415945477e-01	7.539826235806225e-02	
1.700000842105263e-09	1.300000063157895e+00	5.354201642259775e-01	1.109734667588326e-01	
1.700000842105263e-09	1.400000068421052e+00	5.504894991757807e-01	9.716491845464184e-02	
1.700000842105263e-09	1.500000073684210e+00	4.915787687758335e-01	6.295514264438114e-02	
1.700000842105263e-09	1.600000078947368e+00	5.040087202354229e-01	1.052519341632795e-01	
1.700000842105263e-09	1.700000084210526e+00	4.813482584521956e-01	1.254322278872502e-01	
1.700000842105263e-09	1.800000089473684e+00	4.611240379449672e-01	1.179530097900026e-01	
1.700000842105263e-09	1.900000094736842e+00	4.141003230647143e-01	1.256403443624159e-01	
1.700000842105263e-09	2.000000100000000e+00	4.008869663787407e-01	9.327854874704197e-02	
1.800000894736842e-09	1.000000000000000e-01	9.430904431788380e-03	5.500280863213556e-03	
1.800000894736842e-09	2.000000052631579e-01	1.127266550662380e-02	7.797565971374740e-03	
1.800000894736842e-09	3.000000105263158e-01	1.532291217966899e-02	1.155267119964152e-02	
1.800000894736842e-09	4.000000157894736e-01	2.012222051921762e-02	2.458314816262624e-02	
1.800000894736842e-09	5.000000210526315e-01	8.259648787032955e-02	5.191232500950355e-02	
1.800000894736842e-09	6.000000263157893e-01	1.806876597570032e-01	1.010766968272611e-01	
1.800000894736842e-09	7.000000315789472e-01	1.345518540056262e-01	9.482428818255334e-02	
1.800000894736842e-09	8.000000368421051e-01	1.709402089852706e-01	1.154518196411671e-01	
1.800000894736842e-09	9.000000421052630e-01	2.716920966051490e-01	1.258943853993938e-01	
1.800000894736842e-09	1.000000047368421e+00	4.517827230981112e-01	1.000271747984243e-01	
1.800000894736842e-09	1.100000052631579e+00	5.030524898615828e-01	1.042864591067237e-01	
1.800000894736842e-09	1.200000057894737e+00	5.228875163715412e-01	1.085925758753141e-01	
1.800000894736842e-09	1.300000063157895e+00	5.147545323501614e-01	1.119319770438527e-01	
1.800000894736842e-09	1.400000068421052e+00	5.303131279751113e-01	1.044216311166617e-01	
1.800000894736842e-09	1.500000073684210e+00	5.154839396321850e-01	9.340797986894193e-02	
1.800000894736842e-09	1.600000078947368e+00	4.976252964090389e-01	1.228161649976952e-01	
1.800000894736842e-09	1.700000084210526e+00	4.268431040616967e-01	1.202990599751239e-01	
1.800000894736842e-09	1.800000089473684e+00	4.104744415515789e-01	1.305270420288386e-01	
1.800000894736842e-09	1.900000094736842e+00	3.977561006502185e-01	8.585287630719053e-02	
1.800000894736842e-09	2.000000100000000e+00	3.847495146110914e-01	1.193567125935382e-01	
1.900000947368421e-09	1.000000000000000e-01	3.135651112254667e-03	3.785941742659225e-03	
1.900000947368421e-09	2.000000052631579e-01	1.281816790352990e-02	9.052831498792442e-03	
1.900000947368421e-09	3.000000105263158e-01	1.311568156859816e-02	9.034750159886556e-03	
1.900000947368421e-09	4.000000157894736e-01	1.479948775417966e-02	1.172705581739266e-02	
1.900000947368421e-09	5.000000210526315e-01	7.107809067988927e-02	5.991894398307480e-02	
1.900000947368421e-09	6.000000263157893e-01	1.610637571761748e-01	6.220173677562478e-02	
1.900000947368421e-09	7.000000315789472e-01	1.446323426967377e-01	8.564032381120582e-02	
1.900000947368421e-09	8.000000368421051e-01	1.523003016567329e-01	8.233256950000142e-02	
1.900000947368421e-09	9.000000421052630e-01	2.335889029958345e-01	1.128156470616269e-01	
1.900000947368421e-09	1.000000047368421e+00	4.108533651215595e-01	1.192317653454710e-01	
1.900000947368421e-09	1.100000052631579e+00	5.135391591744166e-01	6.213547939907453e-02	
1.900000947368421e-09	1.200000057894737e+00	5.839076821385100e-01	8.805662566871279e-02	
1.900000947368421e-09	1.300000063157895e+00	5.017082946875903e-01	8.641033859939799e-02	
1.900000947368421e-09	1.400000068421052e+00	5.446530182902556e-01	1.070962452752964e-01	
1.900000947368421e-09	1.500000073684210e+00	5.174005426802241e-01	8.623778622309537e-02	
1.900000947368421e-09	1.600000078947368e+00	4.515691428943640e-01	1.090277991948852e-01	
1.900000947368421e-09	1.700000084210526e+00	4.346694401407232e-01	1.034898932808534e-01	
1.900000947368421e-09	1.800000089473684e+00	4.550743536792597e-01	1.264784417920208e-01	
1.900000947368421e-09	1.900000094736842e+00	4.196645950097486e-01	9.269040132910594e-02	
1.900000947368421e-09	2.000000100000000e+00	4.155639821973818e-01	1.046176655353542e-01	
2.000001000000000e-09	1.000000000000000e-01	8.039283307790789e-04	3.504242351715344e-03	
2.000001000000000e-09	2.000000052631579e-01	9.067265148594820e-03	6.388566640791709e-03	
2.000001000000000e-09	3.000000105263158e-01	9.496479895366353e-03	5.051378343771980e-03	
2.000001000000000e-09	4.000000157894736e-01	1.346340199638927e-02	1.091708086360075e-02	
2.000001000000000e-09	5.000000210526315e-01	5.914986943415856e-02	3.994658315448464e-02	
2.000001000000000e-09	6.000000263157893e-01	1.461565386130096e-01	8.660709665230756e-02	
2.000001000000000e-09	7.000000315789472e-01	1.320558536292564e-01	1.089152464655632e-01	
2.000001000000000e-09	8.000000368421051e-01	1.398588261423377e-01	7.275728652926894e-02	
2.000001000000000e-09	9.000000421052630e-01	2.198197581678002e-01	9.175783744585410e-02	
2.000001000000000e-09	1.000000047368421e+00	3.916668289542299e-01	1.175026477732996e-01	
2.000001000000000e-09	1.100000052631579e+00	5.114811397930070e-01	1.167885247351346e-01	
2.000001000000000e-09	1.200000057894737e+00	5.249677841435689e-01	1.032596686790523e-01	
2.000001000000000e-09	1.300000063157895e+00	5.301107297690556e-01	1.088823747673800e-01	
2.000001000000000e-09	1.400000068421052e+00	5.679066145595451e-01	7.689261587988015e-02	
2.000001000000000e-09	1.500000073684210e+00	4.966398848601671e-01	9.756474268302898e-02	
2.000001000000000e-09	1.600000078947368e+00	4.673333500216198e-01	1.304695259692362e-01	
2.000001000000000e-09	1.700000084210526e+00	4.298469605686349e-01	1.455079921100204e-01	
2.000001000000000e-09	1.800000089473684e+00	3.957847713030134e-01	1.156966771191121e-01	
2.000001000000000e-09	1.900000094736842e+00	4.284405066931754e-01	1.207974596059272e-01	
2.000001000000000e-09	2.000000100000000e+00	4.042184113109045e-01	1.071571181725841e-01
2.100000000000000e-09	1.000000000000000e-01	0.000000000000000e+00	0.000000000000000e+00	
2.100000000000000e-09	5.000000210526315e-01	5.650653820205433e-02	5.164665587485531e-02	
2.100000000000000e-09	6.000000263157893e-01	1.636061263304179e-01	8.037080834071335e-02	
2.100000000000000e-09	4.000000157894736e-01	1.224003041932266e-02	1.061485437045676e-02	
2.100000000000000e-09	2.000000052631579e-01	8.489809541493887e-03	4.096274450288914e-03	
2.100000000000000e-09	3.000000105263158e-01	1.205318699682261e-02	8.671451234785655e-03	
2.100000000000000e-09	7.000000315789472e-01	1.451799088728716e-01	9.406899700872400e-02	
2.100000000000000e-09	8.000000368421051e-01	1.213220282099903e-01	8.332943981431019e-02	
2.100000000000000e-09	9.000000421052630e-01	2.113406821650510e-01	1.229975241345161e-01	
2.100000000000000e-09	1.000000047368421e+00	3.447151579415665e-01	1.324196637440937e-01	
2.100000000000000e-09	1.100000052631579e+00	5.066179327676176e-01	1.000208866664900e-01	
2.100000000000000e-09	1.200000057894737e+00	5.327698476095657e-01	7.809734429729402e-02	
2.100000000000000e-09	1.300000063157895e+00	5.328466047976936e-01	9.388653487917868e-02	
2.100000000000000e-09	1.400000068421052e+00	5.188302525127265e-01	6.826340366433920e-02	
2.100000000000000e-09	1.500000073684210e+00	4.742086392712648e-01	1.012531950271164e-01	
2.100000000000000e-09	1.600000078947368e+00	5.145611314553113e-01	1.235861642458330e-01	
2.100000000000000e-09	1.700000084210526e+00	4.468355650183526e-01	9.537150174559431e-02	
2.100000000000000e-09	1.800000089473684e+00	3.950697009593635e-01	1.008379821538734e-01	
2.100000000000000e-09	1.900000094736842e+00	3.964773038428880e-01	9.275570686592294e-02	
2.200000111111111e-09	1.000000000000000e-01	0.000000000000000e+00	0.000000000000000e+00	
2.100000000000000e-09	2.000000100000000e+00	4.071333347586683e-01	1.026817185011563e-01	
2.200000111111111e-09	2.000000052631579e-01	1.038440960018206e-02	5.906692313197169e-03	
2.200000111111111e-09	3.000000105263158e-01	1.543084507230586e-02	8.891001013214371e-03	
2.200000111111111e-09	4.000000157894736e-01	1.368460861956143e-02	8.929526672037323e-03	
2.200000111111111e-09	5.000000210526315e-01	3.156776903146036e-02	2.561393058713564e-02	
2.200000111111111e-09	6.000000263157893e-01	1.297789903341529e-01	6.191805235649690e-02	
2.200000111111111e-09	7.000000315789472e-01	1.304482227567676e-01	9.635306506960414e-02	
2.200000111111111e-09	8.000000368421051e-01	1.285137189211402e-01	7.458359752253829e-02	
2.200000111111111e-09	9.000000421052630e-01	1.967726160629602e-01	1.134565777814329e-01	
2.200000111111111e-09	1.000000047368421e+00	3.186953495636712e-01	1.140281827741599e-01	
2.200000111111111e-09	1.100000052631579e+00	4.465536782288128e-01	8.332017382286243e-02	
2.200000111111111e-09	1.200000057894737e+00	4.999261358862946e-01	1.020054760556801e-01	
2.200000111111111e-09	1.300000063157895e+00	5.361936385792085e-01	8.847830660584875e-02	
2.200000111111111e-09	1.400000068421052e+00	5.281831119442469e-01	1.396983251707848e-01	
2.200000111111111e-09	1.500000073684210e+00	4.965815710215891e-01	1.478203069526738e-01	
2.200000111111111e-09	1.600000078947368e+00	4.927031528412793e-01	8.956410356004345e-02	
2.200000111111111e-09	1.700000084210526e+00	4.659358225162152e-01	1.083921078478367e-01	
2.200000111111111e-09	1.800000089473684e+00	4.435239480743435e-01	1.003000794356949e-01	
2.200000111111111e-09	1.900000094736842e+00	4.052784431960761e-01	1.095718144502308e-01	
2.200000111111111e-09	2.000000100000000e+00	4.180494239781571e-01	1.256739525087842e-01	
2.300000222222222e-09	1.000000000000000e-01	0.000000000000000e+00	0.000000000000000e+00	
2.300000222222222e-09	2.000000052631579e-01	4.079365673982963e-03	6.332887693655193e-03	
2.300000222222222e-09	3.000000105263158e-01	1.323495938328603e-02	9.222830336724927e-03	
2.300000222222222e-09	4.000000157894736e-01	8.830916332367609e-03	5.957130134833663e-03	
2.300000222222222e-09	5.000000210526315e-01	2.886964923631054e-02	1.762091807685371e-02	
2.300000222222222e-09	6.000000263157893e-01	1.057983637964428e-01	7.127255755712324e-02	
2.300000222222222e-09	7.000000315789472e-01	1.231268824043533e-01	1.123863172934906e-01	
2.300000222222222e-09	8.000000368421051e-01	1.143111932662381e-01	8.190944035587952e-02	
2.300000222222222e-09	9.000000421052630e-01	1.794739515608169e-01	9.764847602252583e-02	
2.300000222222222e-09	1.000000047368421e+00	3.315423721833275e-01	1.314909106868685e-01	
2.300000222222222e-09	1.100000052631579e+00	4.664650747868742e-01	1.262969609279315e-01	
2.300000222222222e-09	1.200000057894737e+00	4.829538942252869e-01	8.853096498402643e-02	
2.300000222222222e-09	1.300000063157895e+00	5.133957535149311e-01	8.526290875950004e-02	
2.300000222222222e-09	1.400000068421052e+00	4.900998643693207e-01	8.837974910772138e-02	
2.400000333333334e-09	1.000000000000000e-01	0.000000000000000e+00	0.000000000000000e+00	
2.300000222222222e-09	1.500000073684210e+00	4.845271151699858e-01	6.976666824637366e-02	
2.300000222222222e-09	1.600000078947368e+00	4.150111710658693e-01	1.303889349687189e-01	
2.300000222222222e-09	1.700000084210526e+00	4.790072095185200e-01	1.237406480143963e-01	
2.300000222222222e-09	1.800000089473684e+00	4.394528139380762e-01	1.561131105900954e-01	
2.300000222222222e-09	1.900000094736842e+00	4.373795229781915e-01	1.156703634585645e-01	
2.300000222222222e-09	2.000000100000000e+00	4.051301859156416e-01	1.420771938271797e-01	
2.400000333333334e-09	2.000000052631579e-01	5.126104862272476e-04	2.234417306863820e-03	
2.400000333333334e-09	3.000000105263158e-01	8.428982608665880e-03	8.329908355241748e-03	
2.400000333333334e-09	4.000000157894736e-01	9.632253265506357e-03	9.990098544465295e-03	
2.400000333333334e-09	6.000000263157893e-01	1.072598677193504e-01	7.469419029711860e-02	
2.400000333333334e-09	5.000000210526315e-01	1.998233587107807e-02	1.220081406424315e-02	
2.400000333333334e-09	7.000000315789472e-01	1.312117226081823e-01	7.678468158104150e-02	
2.400000333333334e-09	8.000000368421051e-01	1.110933509116728e-01	8.103590531065126e-02	
2.400000333333334e-09	9.000000421052630e-01	1.665336064481192e-01	8.253977339521588e-02	
2.400000333333334e-09	1.000000047368421e+00	2.647211899214580e-01	1.268863601363302e-01	
2.400000333333334e-09	1.100000052631579e+00	4.092139691792182e-01	9.711499365856409e-02	
2.400000333333334e-09	1.200000057894737e+00	5.358093316544694e-01	8.860786878468763e-02	
2.400000333333334e-09	1.300000063157895e+00	5.227728240565568e-01	9.599194307419839e-02	
2.400000333333334e-09	1.400000068421052e+00	5.165235101458593e-01	1.071460814095932e-01	
2.500000444444444e-09	1.000000000000000e-01	0.000000000000000e+00	0.000000000000000e+00	
2.500000444444444e-09	2.000000052631579e-01	0.000000000000000e+00	0.000000000000000e+00	
2.400000333333334e-09	1.500000073684210e+00	4.984511282560232e-01	1.173661942915555e-01	
2.400000333333334e-09	1.600000078947368e+00	4.604456728261927e-01	1.246801931983306e-01	
2.400000333333334e-09	1.700000084210526e+00	4.642922576762564e-01	1.056496891151512e-01	
2.400000333333334e-09	1.800000089473684e+00	4.520373431087101e-01	8.889206910242445e-02	
2.400000333333334e-09	1.900000094736842e+00	3.728336897707977e-01	9.021995618094247e-02	
2.400000333333334e-09	2.000000100000000e+00	4.044165907970186e-01	1.066738358952059e-01	
2.500000444444444e-09	3.000000105263158e-01	1.028309538172856e-02	7.528228402478899e-03	
2.500000444444444e-09	4.000000157894736e-01	1.208723472208574e-02	7.360760519686308e-03	
2.500000444444444e-09	5.000000210526315e-01	1.838744433777888e-02	1.543690423849868e-02	
2.500000444444444e-09	6.000000263157893e-01	8.286867496053821e-02	5.850753090816557e-02	
2.500000444444444e-09	7.000000315789472e-01	1.310226251124677e-01	9.040279091977137e-02	
2.500000444444444e-09	8.000000368421051e-01	1.237769031595580e-01	7.599127636963955e-02	
2.500000444444444e-09	9.000000421052630e-01	1.628513553855953e-01	1.032694319353422e-01	
2.500000444444444e-09	1.000000047368421e+00	2.809306883291092e-01	1.102637864721457e-01	
2.500000444444444e-09	1.100000052631579e+00	4.248866178095337e-01	8.432803147040167e-02	
2.500000444444444e-09	1.200000057894737e+00	4.932786463178307e-01	8.540157506184594e-02	
2.500000444444444e-09	1.300000063157895e+00	5.556581973368113e-01	1.057264854477214e-01	
2.500000444444444e-09	1.400000068421052e+00	4.831445641599902e-01	1.038985074206200e-01	
2.600000555555555e-09	1.000000000000000e-01	0.000000000000000e+00	0.000000000000000e+00	
2.500000444444444e-09	1.500000073684210e+00	4.624429588424775e-01	1.080068516778369e-01	
2.600000555555555e-09	2.000000052631579e-01	0.000000000000000e+00	0.000000000000000e+00	
2.500000444444444e-09	1.600000078947368e+00	4.605139631930821e-01	9.324101839631645e-02	
2.500000444444444e-09	1.700000084210526e+00	4.345568058559082e-01	1.148490628193079e-01	
2.500000444444444e-09	1.800000089473684e+00	3.973790721724102e-01	1.101542548153397e-01	
2.500000444444444e-09	1.900000094736842e+00	3.880088535136571e-01	9.218820244713240e-02	
2.500000444444444e-09	2.000000100000000e+00	3.802885870377705e-01	7.905665541095874e-02	
2.600000555555555e-09	3.000000105263158e-01	1.145936240778980e-02	7.112798605003141e-03	
2.600000555555555e-09	4.000000157894736e-01	1.266919397359136e-02	6.166791904963398e-03	
2.600000555555555e-09	5.000000210526315e-01	1.630657189076500e-02	1.092078742184480e-02	
2.600000555555555e-09	6.000000263157893e-01	7.965649958105411e-02	5.256692204544378e-02	
2.600000555555555e-09	7.000000315789472e-01	1.104657448879247e-01	9.661499850612375e-02	
2.600000555555555e-09	8.000000368421051e-01	1.149420496164449e-01	8.653432329100909e-02	
2.600000555555555e-09	9.000000421052630e-01	1.583738262028325e-01	1.227984647462654e-01	
2.600000555555555e-09	1.000000047368421e+00	2.336516126868762e-01	1.089554290906182e-01	
2.600000555555555e-09	1.100000052631579e+00	4.147302180012046e-01	1.137703107911185e-01	
2.600000555555555e-09	1.200000057894737e+00	4.704978316970109e-01	7.259244324874563e-02	
2.600000555555555e-09	1.300000063157895e+00	5.282305670768520e-01	9.504254934656703e-02	
2.600000555555555e-09	1.400000068421052e+00	5.098725277344837e-01	9.725245537476383e-02	
2.700000666666667e-09	1.000000000000000e-01	0.000000000000000e+00	0.000000000000000e+00	
2.600000555555555e-09	1.500000073684210e+00	4.903862302673510e-01	1.264438770010097e-01	
2.700000666666667e-09	2.000000052631579e-01	0.000000000000000e+00	0.000000000000000e+00	
2.600000555555555e-09	1.600000078947368e+00	4.318666282712997e-01	9.092109120559351e-02	
2.600000555555555e-09	1.700000084210526e+00	4.241855239667434e-01	1.197142255412688e-01	
2.600000555555555e-09	1.800000089473684e+00	4.229891175814015e-01	1.228039495090759e-01	
2.600000555555555e-09	1.900000094736842e+00	3.808187008777695e-01	1.198916804094397e-01	
2.600000555555555e-09	2.000000100000000e+00	4.063506628944971e-01	7.974669076247518e-02	
2.700000666666667e-09	3.000000105263158e-01	1.112493971471311e-02	7.027224920901125e-03	
2.700000666666667e-09	4.000000157894736e-01	1.153565221165495e-02	8.576506222237617e-03	
2.700000666666667e-09	5.000000210526315e-01	1.736708012935134e-02	1.284196240514372e-02	
2.700000666666667e-09	6.000000263157893e-01	7.174803287262971e-02	5.618269554494075e-02	
2.700000666666667e-09	7.000000315789472e-01	1.030064529922484e-01	8.325589705141910e-02	
2.700000666666667e-09	8.000000368421051e-01	1.007413681485811e-01	7.633876188628527e-02	
2.700000666666667e-09	9.000000421052630e-01	1.395484819761571e-01	8.813708196062160e-02	
2.700000666666667e-09	1.000000047368421e+00	2.547673791373105e-01	1.222478685433227e-01	
2.700000666666667e-09	1.100000052631579e+00	3.894642899577586e-01	1.156792209772026e-01	
2.700000666666667e-09	1.200000057894737e+00	4.915842365923558e-01	9.412157317116839e-02	
2.700000666666667e-09	1.300000063157895e+00	5.245777777146080e-01	9.016709791499097e-02	
2.700000666666667e-09	1.400000068421052e+00	4.932825642984324e-01	1.223864206740364e-01	
2.800000777777778e-09	1.000000000000000e-01	0.000000000000000e+00	0.000000000000000e+00	
2.700000666666667e-09	1.500000073684210e+00	4.585242487410204e-01	1.088018355112505e-01	
2.800000777777778e-09	2.000000052631579e-01	0.000000000000000e+00	0.000000000000000e+00	
2.700000666666667e-09	1.600000078947368e+00	4.470982921949016e-01	7.891719084547485e-02	
2.700000666666667e-09	1.700000084210526e+00	4.657296826893355e-01	1.047001009602901e-01	
2.700000666666667e-09	1.800000089473684e+00	4.415215279901891e-01	1.323087373728377e-01	
2.700000666666667e-09	1.900000094736842e+00	3.800646993484792e-01	8.061787413892318e-02	
2.700000666666667e-09	2.000000100000000e+00	4.049409417781623e-01	1.222348936555528e-01	
2.800000777777778e-09	3.000000105263158e-01	9.954929401047134e-03	7.881092128919026e-03	
2.800000777777778e-09	4.000000157894736e-01	1.315324923456935e-02	9.954313044807544e-03	
2.800000777777778e-09	5.000000210526315e-01	1.438426822160499e-02	1.066017080144936e-02	
2.800000777777778e-09	6.000000263157893e-01	5.803114658870181e-02	3.940035213343465e-02	
2.800000777777778e-09	7.000000315789472e-01	1.033226964752675e-01	7.530959716827093e-02	
2.800000777777778e-09	8.000000368421051e-01	1.224254351768899e-01	8.995797037497025e-02	
2.800000777777778e-09	9.000000421052630e-01	1.360021637596695e-01	1.101296565154272e-01	
2.800000777777778e-09	1.000000047368421e+00	2.222660861589268e-01	1.036494153528679e-01	
2.800000777777778e-09	1.100000052631579e+00	3.392235520310048e-01	6.009206587409651e-02	
2.800000777777778e-09	1.200000057894737e+00	4.840899874777939e-01	8.497412523719529e-02	
2.800000777777778e-09	1.300000063157895e+00	5.060252860610774e-01	9.285026215517483e-02	
2.800000777777778e-09	1.400000068421052e+00	4.564664950049635e-01	1.361624698572118e-01	
2.900000888888889e-09	1.000000000000000e-01	0.000000000000000e+00	0.000000000000000e+00	
2.800000777777778e-09	1.500000073684210e+00	4.175651828878800e-01	1.286496157970255e-01	
2.900000888888889e-09	2.000000052631579e-01	0.000000000000000e+00	0.000000000000000e+00	
2.800000777777778e-09	1.600000078947368e+00	4.544250414297158e-01	9.911969480008206e-02	
2.800000777777778e-09	1.700000084210526e+00	4.386404725636605e-01	8.155418930220856e-02	
2.800000777777778e-09	1.800000089473684e+00	4.004389700048242e-01	1.080299322680864e-01	
2.800000777777778e-09	1.900000094736842e+00	3.730954015998836e-01	9.800710727621877e-02	
2.800000777777778e-09	2.000000100000000e+00	4.064523843048973e-01	1.373494369522487e-01	
2.900000888888889e-09	3.000000105263158e-01	6.839861621917358e-03	7.467458547463742e-03	
2.900000888888889e-09	4.000000157894736e-01	1.412552934702034e-02	7.324992123698582e-03	
2.900000888888889e-09	5.000000210526315e-01	1.728456612650742e-02	1.803293618870384e-02	
2.900000888888889e-09	6.000000263157893e-01	4.598582929130630e-02	4.433078396900899e-02	
2.900000888888889e-09	7.000000315789472e-01	1.049400145390351e-01	8.865141207323289e-02	
2.900000888888889e-09	8.000000368421051e-01	1.222223495873375e-01	1.001035221356033e-01	
2.900000888888889e-09	9.000000421052630e-01	1.589101344474219e-01	1.113302904680916e-01	
2.900000888888889e-09	1.000000047368421e+00	2.447088525071185e-01	1.015549572954064e-01	
2.900000888888889e-09	1.100000052631579e+00	3.302465363417652e-01	1.647100510410038e-01	
2.900000888888889e-09	1.200000057894737e+00	4.776394693310753e-01	7.565102007191662e-02	
2.900000888888889e-09	1.300000063157895e+00	5.166595655688960e-01	8.458641604399893e-02	
2.900000888888889e-09	1.400000068421052e+00	4.760471004564784e-01	1.101047924478517e-01	
3.000001000000000e-09	1.000000000000000e-01	0.000000000000000e+00	0.000000000000000e+00	
3.000001000000000e-09	2.000000052631579e-01	0.000000000000000e+00	0.000000000000000e+00	
2.900000888888889e-09	1.500000073684210e+00	4.701036742309036e-01	1.163730553857491e-01	
2.900000888888889e-09	1.600000078947368e+00	4.728928799191722e-01	9.432026540541730e-02	
2.900000888888889e-09	1.700000084210526e+00	4.063496915183153e-01	8.811054587908214e-02	
2.900000888888889e-09	1.800000089473684e+00	3.782200478558971e-01	1.513220121703276e-01	
2.900000888888889e-09	1.900000094736842e+00	3.978386239298459e-01	1.203345948235527e-01	
2.900000888888889e-09	2.000000100000000e+00	3.507550118682580e-01	1.107354976175277e-01	
3.000001000000000e-09	3.000000105263158e-01	3.014151913806972e-03	5.823751901826118e-03	
3.000001000000000e-09	4.000000157894736e-01	1.005354281576008e-02	6.221093212618822e-03	
3.000001000000000e-09	5.000000210526315e-01	1.845543253421170e-02	1.608912602036713e-02	
3.000001000000000e-09	6.000000263157893e-01	4.427918997835406e-02	2.714490630845669e-02	
3.000001000000000e-09	7.000000315789472e-01	9.684350662662151e-02	6.853103916871064e-02	
3.000001000000000e-09	8.000000368421051e-01	1.042142991605552e-01	7.166756656684994e-02	
3.000001000000000e-09	9.000000421052630e-01	1.277420130768667e-01	8.590231893625370e-02	
3.000001000000000e-09	1.000000047368421e+00	2.235318500882904e-01	9.383497664309634e-02	
3.000001000000000e-09	1.100000052631579e+00	3.557237185490968e-01	1.337803611534863e-01	
3.000001000000000e-09	1.200000057894737e+00	4.792019317035529e-01	8.371577310505238e-02	
3.000001000000000e-09	1.300000063157895e+00	4.733415100645479e-01	1.052363050872018e-01	
3.000001000000000e-09	1.400000068421052e+00	4.766439750230899e-01	1.165823964167372e-01	
3.000001000000000e-09	1.500000073684210e+00	4.683040857060988e-01	7.616154695250155e-02	
3.000001000000000e-09	1.600000078947368e+00	5.048042842489923e-01	1.132325876489966e-01	
3.000001000000000e-09	1.700000084210526e+00	4.521001002426865e-01	1.201597636478823e-01	
3.000001000000000e-09	1.800000089473684e+00	4.024903698478247e-01	1.182317851442233e-01	
3.000001000000000e-09	1.900000094736842e+00	4.226853434834337e-01	1.104974264411877e-01	
3.000001000000000e-09	2.000000100000000e+00	3.545326696612005e-01	1.312305340974354e-01	
