1.000000000000000e-10	3.000000105263158e-01	1.714665840820693e-02	6.221842256879841e-03	
1.000000000000000e-10	4.000000157894736e-01	2.906527312217073e-02	2.920461205146722e-02	
1.000000000000000e-10	5.000000210526315e-01	9.549029073838226e-02	5.531578827117567e-02	
1.000000000000000e-10	6.000000263157893e-01	1.727511880672610e-01	4.969162647836306e-02	
1.000000000000000e-10	1.000000000000000e-01	1.789529442734934e-03	4.393766417834296e-03	
1.000000000000000e-10	2.000000052631579e-01	0.000000000000000e+00	0.000000000000000e+00	
1.000000000000000e-10	1.200000057894737e+00	2.307931516570979e-01	5.494235511462752e-02	
1.000000000000000e-10	1.100000052631579e+00	2.259044143942707e-01	5.259226731343629e-02	
1.000000000000000e-10	1.000000047368421e+00	2.341695368871103e-01	6.195353400977327e-02	
1.000000000000000e-10	9.000000421052630e-01	2.174360199841497e-01	6.674214272028060e-02	
1.000000000000000e-10	7.000000315789472e-01	1.680699770720543e-01	3.532290834447917e-02	
1.000000000000000e-10	8.000000368421051e-01	2.056450234845289e-01	5.781413558728483e-02	
1.000000000000000e-10	1.300000063157895e+00	2.350248270109321e-01	3.446733362074251e-02	
1.000000000000000e-10	1.400000068421052e+00	2.434563976643604e-01	4.802739344440011e-02	
1.000000000000000e-10	1.500000073684210e+00	2.556649321220349e-01	5.207303819445415e-02	
1.000000000000000e-10	1.600000078947368e+00	2.372715938721341e-01	5.697525174649592e-02	
1.000000000000000e-10	1.700000084210526e+00	2.354581889885151e-01	7.066160473994935e-02	
1.000000000000000e-10	1.800000089473684e+00	2.163810633605267e-01	7.803735784032390e-02	
1.000000000000000e-10	1.900000094736842e+00	1.844621398381062e-01	7.202644270585634e-02	
2.000000344827586e-10	5.000000210526315e-01	0.000000000000000e+00	0.000000000000000e+00	
1.000000000000000e-10	2.000000100000000e+00	1.723242761822364e-01	7.553554281563703e-02	
2.000000344827586e-10	4.000000157894736e-01	7.313318146416547e-03	3.187801474219192e-02	
2.000000344827586e-10	1.000000000000000e-01	0.000000000000000e+00	0.000000000000000e+00	
2.000000344827586e-10	6.000000263157893e-01	1.748085823392900e-01	1.411218450306869e-01	
2.000000344827586e-10	2.000000052631579e-01	0.000000000000000e+00	0.000000000000000e+00	
2.000000344827586e-10	3.000000105263158e-01	2.182871732382269e-02	5.231292305301555e-02	
2.000000344827586e-10	8.000000368421051e-01	3.392886133178009e-01	1.060067722601848e-01	
2.000000344827586e-10	7.000000315789472e-01	2.940285795134652e-01	7.763756982949548e-02	
2.000000344827586e-10	9.000000421052630e-01	3.401466530329669e-01	1.031644486714969e-01	
2.000000344827586e-10	1.000000047368421e+00	3.147600661124286e-01	1.063729337877349e-01	
2.000000344827586e-10	1.300000063157895e+00	4.251213948195991e-01	8.627450681070215e-02	
2.000000344827586e-10	1.100000052631579e+00	3.741112973268899e-01	1.200985340346626e-01	
2.000000344827586e-10	1.400000068421052e+00	4.237021385919334e-01	8.653888755759767e-02	
2.000000344827586e-10	1.200000057894737e+00	4.060261308659319e-01	1.022287482459449e-01	
3.000000689655172e-10	1.000000000000000e-01	0.000000000000000e+00	0.000000000000000e+00	
3.000000689655172e-10	2.000000052631579e-01	0.000000000000000e+00	0.000000000000000e+00	
3.000000689655172e-10	3.000000105263158e-01	0.000000000000000e+00	0.000000000000000e+00	
3.000000689655172e-10	4.000000157894736e-01	0.000000000000000e+00	0.000000000000000e+00	
2.000000344827586e-10	1.500000073684210e+00	4.269192380776586e-01	7.812212148579753e-02	
3.000000689655172e-10	5.000000210526315e-01	0.000000000000000e+00	0.000000000000000e+00	
2.000000344827586e-10	1.600000078947368e+00	3.979810327700938e-01	8.045417157233067e-02	
3.000000689655172e-10	6.000000263157893e-01	0.000000000000000e+00	0.000000000000000e+00	
2.000000344827586e-10	1.700000084210526e+00	3.942496216014955e-01	1.113229176462867e-01	
2.000000344827586e-10	1.900000094736842e+00	3.415034860286244e-01	1.260913566061561e-01	
2.000000344827586e-10	1.800000089473684e+00	3.671247319874504e-01	1.156386783407315e-01	
2.000000344827586e-10	2.000000100000000e+00	3.150357515072289e-01	1.142243734185762e-01	
3.000000689655172e-10	7.000000315789472e-01	2.520223969213927e-01	7.181944537335642e-02	
3.000000689655172e-10	8.000000368421051e-01	2.942620144732547e-01	9.073353853519775e-02	
3.000000689655172e-10	1.100000052631579e+00	3.801353257044099e-01	7.786516410263750e-02	
3.000000689655172e-10	1.000000047368421e+00	4.019526755560883e-01	1.094802920984720e-01	
3.000000689655172e-10	1.200000057894737e+00	4.173793359577814e-01	1.112142843737504e-01	
3.000000689655172e-10	9.000000421052630e-01	3.814328348520321e-01	1.187377799198081e-01	
3.000000689655172e-10	1.300000063157895e+00	4.491743600662179e-01	9.232966907713266e-02	
3.000000689655172e-10	1.400000068421052e+00	4.669695076667575e-01	1.163809121954692e-01	
4.000001034482759e-10	1.000000000000000e-01	0.000000000000000e+00	0.000000000000000e+00	
4.000001034482759e-10	2.000000052631579e-01	0.000000000000000e+00	0.000000000000000e+00	
4.000001034482759e-10	3.000000105263158e-01	0.000000000000000e+00	0.000000000000000e+00	
4.000001034482759e-10	4.000000157894736e-01	0.000000000000000e+00	0.000000000000000e+00	
3.000000689655172e-10	1.500000073684210e+00	4.607043844217194e-01	1.087680672279790e-01	
3.000000689655172e-10	1.700000084210526e+00	4.242329033354298e-01	1.060019778301579e-01	
4.000001034482759e-10	5.000000210526315e-01	0.000000000000000e+00	0.000000000000000e+00	
3.000000689655172e-10	1.600000078947368e+00	4.579339820633374e-01	1.281330964331105e-01	
3.000000689655172e-10	1.800000089473684e+00	4.142167268007689e-01	1.506793029129590e-01	
4.000001034482759e-10	6.000000263157893e-01	0.000000000000000e+00	0.000000000000000e+00	
3.000000689655172e-10	1.900000094736842e+00	3.928792374316272e-01	1.077841935367720e-01	
3.000000689655172e-10	2.000000100000000e+00	3.511964632243891e-01	1.274027598366720e-01	
4.000001034482759e-10	7.000000315789472e-01	9.110353233245977e-02	1.300360682041427e-01	
4.000001034482759e-10	1.100000052631579e+00	4.074832710718624e-01	1.206030024863375e-01	
4.000001034482759e-10	9.000000421052630e-01	3.485915125742558e-01	9.564507700475254e-02	
4.000001034482759e-10	8.000000368421051e-01	2.230118326425293e-01	1.410622344807778e-01	
4.000001034482759e-10	1.000000047368421e+00	3.516017803944732e-01	9.150091163326460e-02	
4.000001034482759e-10	1.200000057894737e+00	4.213647185125650e-01	1.186864246200522e-01	
4.000001034482759e-10	1.300000063157895e+00	4.375070483765781e-01	1.212849434444813e-01	
5.000001379310345e-10	1.000000000000000e-01	0.000000000000000e+00	0.000000000000000e+00	
5.000001379310345e-10	2.000000052631579e-01	0.000000000000000e+00	0.000000000000000e+00	
5.000001379310345e-10	3.000000105263158e-01	0.000000000000000e+00	0.000000000000000e+00	
4.000001034482759e-10	1.500000073684210e+00	5.202023208752324e-01	1.126817628535464e-01	
5.000001379310345e-10	4.000000157894736e-01	0.000000000000000e+00	0.000000000000000e+00	
4.000001034482759e-10	1.400000068421052e+00	4.649453724195726e-01	1.281236658536468e-01	
4.000001034482759e-10	1.600000078947368e+00	4.549963847055661e-01	1.358244522547063e-01	
5.000001379310345e-10	5.000000210526315e-01	0.000000000000000e+00	0.000000000000000e+00	
4.000001034482759e-10	1.700000084210526e+00	4.364304325711652e-01	1.226066360919529e-01	
5.000001379310345e-10	6.000000263157893e-01	0.000000000000000e+00	0.000000000000000e+00	
4.000001034482759e-10	1.800000089473684e+00	4.084120065531103e-01	1.517889876353949e-01	
4.000001034482759e-10	1.900000094736842e+00	3.878058480895096e-01	1.422140567062989e-01	
4.000001034482759e-10	2.000000100000000e+00	3.338256826596667e-01	1.103722802737218e-01	
5.000001379310345e-10	7.000000315789472e-01	0.000000000000000e+00	0.000000000000000e+00	
5.000001379310345e-10	8.000000368421051e-01	9.931884441513153e-02	1.551544127942457e-01	
5.000001379310345e-10	9.000000421052630e-01	2.485998341357424e-01	1.568705643425398e-01	
5.000001379310345e-10	1.000000047368421e+00	3.202046171645396e-01	9.777676016319062e-02	
5.000001379310345e-10	1.100000052631579e+00	3.556884490637505e-01	1.021632934066530e-01	
5.000001379310345e-10	1.200000057894737e+00	4.336772739389699e-01	1.258188976871546e-01	
5.000001379310345e-10	1.300000063157895e+00	4.694118565882575e-01	1.271765584518907e-01	
6.000001724137931e-10	1.000000000000000e-01	0.000000000000000e+00	0.000000000000000e+00	
5.000001379310345e-10	1.400000068421052e+00	4.902075821723875e-01	1.207265156306297e-01	
6.000001724137931e-10	2.000000052631579e-01	0.000000000000000e+00	0.000000000000000e+00	
6.000001724137931e-10	3.000000105263158e-01	0.000000000000000e+00	0.000000000000000e+00	
6.000001724137931e-10	4.000000157894736e-01	0.000000000000000e+00	0.000000000000000e+00	
6.000001724137931e-10	5.000000210526315e-01	0.000000000000000e+00	0.000000000000000e+00	
5.000001379310345e-10	1.500000073684210e+00	4.688581412715790e-01	1.125843141136642e-01	
6.000001724137931e-10	6.000000263157893e-01	0.000000000000000e+00	0.000000000000000e+00	
5.000001379310345e-10	1.600000078947368e+00	4.358820492193115e-01	9.819691943994428e-02	
5.000001379310345e-10	1.700000084210526e+00	4.415875395926842e-01	1.139708953976766e-01	
5.000001379310345e-10	1.800000089473684e+00	4.277582370598949e-01	1.425318010127728e-01	
5.000001379310345e-10	1.900000094736842e+00	4.030752222728289e-01	1.435358941160613e-01	
6.000001724137931e-10	7.000000315789472e-01	0.000000000000000e+00	0.000000000000000e+00	
5.000001379310345e-10	2.000000100000000e+00	3.770967046023678e-01	1.317761189038764e-01	
6.000001724137931e-10	8.000000368421051e-01	1.019449029200927e-02	4.443675296377488e-02	
6.000001724137931e-10	9.000000421052630e-01	8.296601982556391e-02	1.473465759870269e-01	
6.000001724137931e-10	1.000000047368421e+00	2.406371374250146e-01	1.564346255128074e-01	
6.000001724137931e-10	1.100000052631579e+00	3.128994350285264e-01	1.140159411312867e-01	
6.000001724137931e-10	1.200000057894737e+00	4.280904574995695e-01	1.271961261812312e-01	
6.000001724137931e-10	1.300000063157895e+00	4.364716505024063e-01	1.163756645295583e-01	
7.000002068965517e-10	1.000000000000000e-01	0.000000000000000e+00	0.000000000000000e+00	
7.000002068965517e-10	2.000000052631579e-01	0.000000000000000e+00	0.000000000000000e+00	
6.000001724137931e-10	1.400000068421052e+00	4.193476062955744e-01	1.013776788874898e-01	
7.000002068965517e-10	3.000000105263158e-01	0.000000000000000e+00	0.000000000000000e+00	
7.000002068965517e-10	4.000000157894736e-01	0.000000000000000e+00	0.000000000000000e+00	
7.000002068965517e-10	5.000000210526315e-01	0.000000000000000e+00	0.000000000000000e+00	
7.000002068965517e-10	6.000000263157893e-01	0.000000000000000e+00	0.000000000000000e+00	
6.000001724137931e-10	1.500000073684210e+00	4.337364806133259e-01	1.057385678852535e-01	
6.000001724137931e-10	1.600000078947368e+00	4.276694395031226e-01	1.111573818811307e-01	
6.000001724137931e-10	1.900000094736842e+00	3.486813327660653e-01	1.109668963704666e-01	
6.000001724137931e-10	1.700000084210526e+00	4.308126270562960e-01	1.317579896179481e-01	
6.000001724137931e-10	1.800000089473684e+00	3.958122531377622e-01	1.080369382654798e-01	
6.000001724137931e-10	2.000000100000000e+00	3.244829484399667e-01	1.432086294308685e-01	
7.000002068965517e-10	7.000000315789472e-01	0.000000000000000e+00	0.000000000000000e+00	
7.000002068965517e-10	8.000000368421051e-01	1.998689484160325e-02	8.712085480972293e-02	
7.000002068965517e-10	9.000000421052630e-01	5.318145462153419e-02	1.274618892355590e-01	
7.000002068965517e-10	1.000000047368421e+00	2.314934922345918e-01	1.766045891092349e-01	
8.000002413793102e-10	1.000000000000000e-01	0.000000000000000e+00	0.000000000000000e+00	
7.000002068965517e-10	1.100000052631579e+00	2.758411148137318e-01	1.423509782272483e-01	
7.000002068965517e-10	1.200000057894737e+00	3.625267793887907e-01	1.288970392691943e-01	
7.000002068965517e-10	1.400000068421052e+00	3.986324111376914e-01	9.582312007268923e-02	
8.000002413793102e-10	2.000000052631579e-01	0.000000000000000e+00	0.000000000000000e+00	
7.000002068965517e-10	1.300000063157895e+00	4.034804947059031e-01	1.281617560919132e-01	
8.000002413793102e-10	3.000000105263158e-01	0.000000000000000e+00	0.000000000000000e+00	
8.000002413793102e-10	4.000000157894736e-01	0.000000000000000e+00	0.000000000000000e+00	
8.000002413793102e-10	5.000000210526315e-01	0.000000000000000e+00	0.000000000000000e+00	
8.000002413793102e-10	6.000000263157893e-01	0.000000000000000e+00	0.000000000000000e+00	
7.000002068965517e-10	1.500000073684210e+00	3.979104525738636e-01	1.010366768304192e-01	
8.000002413793102e-10	7.000000315789472e-01	0.000000000000000e+00	0.000000000000000e+00	
7.000002068965517e-10	1.600000078947368e+00	3.758316104839633e-01	1.245292605354726e-01	
8.000002413793102e-10	8.000000368421051e-01	0.000000000000000e+00	0.000000000000000e+00	
7.000002068965517e-10	1.700000084210526e+00	3.827561053303734e-01	1.011450124669759e-01	
7.000002068965517e-10	1.900000094736842e+00	3.954460058319043e-01	1.260486225708819e-01	
7.000002068965517e-10	2.000000100000000e+00	3.048072083614893e-01	9.843754466544166e-02	
7.000002068965517e-10	1.800000089473684e+00	3.991252513774347e-01	1.049020080160434e-01	
8.000002413793102e-10	9.000000421052630e-01	0.000000000000000e+00	0.000000000000000e+00	
8.000002413793102e-10	1.000000047368421e+00	1.518399715314536e-01	1.898645286429841e-01	
9.000002758620689e-10	1.000000000000000e-01	0.000000000000000e+00	0.000000000000000e+00	
9.000002758620689e-10	2.000000052631579e-01	0.000000000000000e+00	0.000000000000000e+00	
9.000002758620689e-10	3.000000105263158e-01	0.000000000000000e+00	0.000000000000000e+00	
8.000002413793102e-10	1.200000057894737e+00	3.214131765059044e-01	1.713754184835755e-01	
8.000002413793102e-10	1.100000052631579e+00	2.206451948604389e-01	1.742397706278971e-01	
9.000002758620689e-10	4.000000157894736e-01	0.000000000000000e+00	0.000000000000000e+00	
8.000002413793102e-10	1.300000063157895e+00	3.607982588641430e-01	1.213146794624890e-01	
8.000002413793102e-10	1.400000068421052e+00	3.884481250694391e-01	1.173829430417670e-01	
9.000002758620689e-10	5.000000210526315e-01	0.000000000000000e+00	0.000000000000000e+00	
8.000002413793102e-10	1.500000073684210e+00	3.841897699007736e-01	1.078216127082350e-01	
9.000002758620689e-10	6.000000263157893e-01	0.000000000000000e+00	0.000000000000000e+00	
9.000002758620689e-10	7.000000315789472e-01	0.000000000000000e+00	0.000000000000000e+00	
8.000002413793102e-10	1.600000078947368e+00	3.814384773891160e-01	8.442126613716311e-02	
9.000002758620689e-10	8.000000368421051e-01	0.000000000000000e+00	0.000000000000000e+00	
8.000002413793102e-10	1.700000084210526e+00	3.484910544509769e-01	8.211959768350455e-02	
9.000002758620689e-10	9.000000421052630e-01	0.000000000000000e+00	0.000000000000000e+00	
8.000002413793102e-10	1.800000089473684e+00	3.526192820503825e-01	9.805174742958579e-02	
8.000002413793102e-10	1.900000094736842e+00	3.190898618689953e-01	1.033904619718227e-01	
8.000002413793102e-10	2.000000100000000e+00	3.270093785720168e-01	1.267467842977249e-01	
9.000002758620689e-10	1.000000047368421e+00	7.759166218678737e-02	1.569545672381649e-01	
9.000002758620689e-10	1.100000052631579e+00	9.282755476999896e-02	1.502913215581637e-01	
9.000002758620689e-10	1.200000057894737e+00	2.070320247957236e-01	1.697827469415622e-01	
1.000000310344828e-09	1.000000000000000e-01	0.000000000000000e+00	0.000000000000000e+00	
1.000000310344828e-09	2.000000052631579e-01	0.000000000000000e+00	0.000000000000000e+00	
1.000000310344828e-09	3.000000105263158e-01	0.000000000000000e+00	0.000000000000000e+00	
1.000000310344828e-09	4.000000157894736e-01	0.000000000000000e+00	0.000000000000000e+00	
9.000002758620689e-10	1.300000063157895e+00	3.291603782621553e-01	1.257200466797986e-01	
1.000000310344828e-09	5.000000210526315e-01	0.000000000000000e+00	0.000000000000000e+00	
9.000002758620689e-10	1.500000073684210e+00	3.678944286218687e-01	8.411572295232866e-02	
1.000000310344828e-09	6.000000263157893e-01	0.000000000000000e+00	0.000000000000000e+00	
9.000002758620689e-10	1.400000068421052e+00	3.182882238200528e-01	8.174369666964190e-02	
9.000002758620689e-10	1.600000078947368e+00	3.349879460394311e-01	7.293559449781149e-02	
1.000000310344828e-09	7.000000315789472e-01	0.000000000000000e+00	0.000000000000000e+00	
1.000000310344828e-09	8.000000368421051e-01	0.000000000000000e+00	0.000000000000000e+00	
9.000002758620689e-10	1.700000084210526e+00	3.463658593899511e-01	8.690307284474981e-02	
1.000000310344828e-09	9.000000421052630e-01	0.000000000000000e+00	0.000000000000000e+00	
9.000002758620689e-10	1.800000089473684e+00	3.394400430921420e-01	1.200245820392682e-01	
9.000002758620689e-10	1.900000094736842e+00	3.407015752965590e-01	1.201023068832803e-01	
9.000002758620689e-10	2.000000100000000e+00	3.283303068958769e-01	1.243944799828123e-01	
1.000000310344828e-09	1.000000047368421e+00	4.504842175827679e-02	1.360049217375782e-01	
1.000000310344828e-09	1.100000052631579e+00	8.519821360701385e-02	1.711190834228105e-01	
1.000000310344828e-09	1.200000057894737e+00	1.334757587310497e-01	1.735136323951310e-01	
1.000000310344828e-09	1.300000063157895e+00	2.669456333110017e-01	1.343339514902304e-01	
1.100000344827586e-09	1.000000000000000e-01	0.000000000000000e+00	0.000000000000000e+00	
1.100000344827586e-09	2.000000052631579e-01	0.000000000000000e+00	0.000000000000000e+00	
1.100000344827586e-09	3.000000105263158e-01	0.000000000000000e+00	0.000000000000000e+00	
1.000000310344828e-09	1.400000068421052e+00	3.101002386477701e-01	1.079074965640309e-01	
1.100000344827586e-09	4.000000157894736e-01	0.000000000000000e+00	0.000000000000000e+00	
1.100000344827586e-09	5.000000210526315e-01	0.000000000000000e+00	0.000000000000000e+00	
1.100000344827586e-09	6.000000263157893e-01	0.000000000000000e+00	0.000000000000000e+00	
1.000000310344828e-09	1.500000073684210e+00	3.253831614858171e-01	8.872540891991697e-02	
1.000000310344828e-09	1.600000078947368e+00	3.360970762283896e-01	7.105142666939980e-02	
1.000000310344828e-09	1.700000084210526e+00	3.044204008327928e-01	7.032889135648897e-02	
1.100000344827586e-09	8.000000368421051e-01	0.000000000000000e+00	0.000000000000000e+00	
1.100000344827586e-09	7.000000315789472e-01	0.000000000000000e+00	0.000000000000000e+00	
1.000000310344828e-09	1.800000089473684e+00	3.111209018949271e-01	7.591124275091836e-02	
1.100000344827586e-09	9.000000421052630e-01	0.000000000000000e+00	0.000000000000000e+00	
1.000000310344828e-09	1.900000094736842e+00	2.837406401996533e-01	9.294315388280662e-02	
1.000000310344828e-09	2.000000100000000e+00	3.192994460637818e-01	9.779564112072940e-02	
1.100000344827586e-09	1.000000047368421e+00	1.771080075373817e-02	7.719959069472870e-02	
1.100000344827586e-09	1.100000052631579e+00	5.492203958890964e-02	1.307449045477050e-01	
1.100000344827586e-09	1.300000063157895e+00	2.029187332693352e-01	1.573858706813551e-01	
1.100000344827586e-09	1.200000057894737e+00	9.473386237584940e-02	1.422182725469120e-01	
1.200000379310345e-09	1.000000000000000e-01	0.000000000000000e+00	0.000000000000000e+00	
1.200000379310345e-09	2.000000052631579e-01	0.000000000000000e+00	0.000000000000000e+00	
1.100000344827586e-09	1.400000068421052e+00	2.787740245176627e-01	1.115154324707272e-01	
1.200000379310345e-09	3.000000105263158e-01	0.000000000000000e+00	0.000000000000000e+00	
1.200000379310345e-09	4.000000157894736e-01	0.000000000000000e+00	0.000000000000000e+00	
1.200000379310345e-09	5.000000210526315e-01	0.000000000000000e+00	0.000000000000000e+00	
1.200000379310345e-09	6.000000263157893e-01	0.000000000000000e+00	0.000000000000000e+00	
1.100000344827586e-09	1.500000073684210e+00	2.953483690853158e-01	1.090719148944370e-01	
1.200000379310345e-09	7.000000315789472e-01	0.000000000000000e+00	0.000000000000000e+00	
1.100000344827586e-09	1.600000078947368e+00	2.780513063068010e-01	6.518465678366342e-02	
1.100000344827586e-09	1.700000084210526e+00	2.902768478138233e-01	7.217469151153424e-02	
1.200000379310345e-09	8.000000368421051e-01	0.000000000000000e+00	0.000000000000000e+00	
1.100000344827586e-09	1.800000089473684e+00	2.950648865874798e-01	8.096002536503952e-02	
1.200000379310345e-09	9.000000421052630e-01	0.000000000000000e+00	0.000000000000000e+00	
1.100000344827586e-09	1.900000094736842e+00	3.037351424127029e-01	8.126251873186588e-02	
1.200000379310345e-09	1.000000047368421e+00	0.000000000000000e+00	0.000000000000000e+00	
1.100000344827586e-09	2.000000100000000e+00	2.720481829251091e-01	1.018255182663855e-01	
1.200000379310345e-09	1.100000052631579e+00	0.000000000000000e+00	0.000000000000000e+00	
1.200000379310345e-09	1.200000057894737e+00	5.123628332675826e-02	1.042245167456865e-01	
1.200000379310345e-09	1.300000063157895e+00	1.597071149278020e-01	1.677993517145146e-01	
1.300000413793104e-09	1.000000000000000e-01	0.000000000000000e+00	0.000000000000000e+00	
1.300000413793104e-09	2.000000052631579e-01	0.000000000000000e+00	0.000000000000000e+00	
1.300000413793104e-09	3.000000105263158e-01	0.000000000000000e+00	0.000000000000000e+00	
1.200000379310345e-09	1.400000068421052e+00	2.710160271583776e-01	1.176362522348247e-01	
1.300000413793104e-09	4.000000157894736e-01	0.000000000000000e+00	0.000000000000000e+00	
1.300000413793104e-09	5.000000210526315e-01	0.000000000000000e+00	0.000000000000000e+00	
1.300000413793104e-09	6.000000263157893e-01	0.000000000000000e+00	0.000000000000000e+00	
1.200000379310345e-09	1.500000073684210e+00	2.733139901342191e-01	1.038514289680321e-01	
1.200000379310345e-09	1.600000078947368e+00	2.917067233619902e-01	8.200125610529244e-02	
1.200000379310345e-09	1.700000084210526e+00	2.720943419326060e-01	6.790880566582648e-02	
1.300000413793104e-09	7.000000315789472e-01	0.000000000000000e+00	0.000000000000000e+00	
1.300000413793104e-09	9.000000421052630e-01	0.000000000000000e+00	0.000000000000000e+00	
1.200000379310345e-09	1.800000089473684e+00	2.946150032089405e-01	7.625850918177218e-02	
1.300000413793104e-09	1.000000047368421e+00	0.000000000000000e+00	0.000000000000000e+00	
1.300000413793104e-09	8.000000368421051e-01	0.000000000000000e+00	0.000000000000000e+00	
1.200000379310345e-09	1.900000094736842e+00	2.926973079892982e-01	7.663616936914149e-02	
1.200000379310345e-09	2.000000100000000e+00	2.746285094664739e-01	7.443491243694933e-02	
1.300000413793104e-09	1.100000052631579e+00	0.000000000000000e+00	0.000000000000000e+00	
1.300000413793104e-09	1.200000057894737e+00	1.815084629832837e-02	5.638691220755242e-02	
1.300000413793104e-09	1.300000063157895e+00	1.136905370127183e-01	1.332141754032833e-01	
1.400000448275862e-09	1.000000000000000e-01	0.000000000000000e+00	0.000000000000000e+00	
1.400000448275862e-09	2.000000052631579e-01	0.000000000000000e+00	0.000000000000000e+00	
1.400000448275862e-09	3.000000105263158e-01	0.000000000000000e+00	0.000000000000000e+00	
1.400000448275862e-09	4.000000157894736e-01	0.000000000000000e+00	0.000000000000000e+00	
1.300000413793104e-09	1.400000068421052e+00	1.999004013136215e-01	1.274188901720655e-01	
1.400000448275862e-09	5.000000210526315e-01	0.000000000000000e+00	0.000000000000000e+00	
1.400000448275862e-09	6.000000263157893e-01	0.000000000000000e+00	0.000000000000000e+00	
1.300000413793104e-09	1.500000073684210e+00	2.431981763930254e-01	1.034572802996070e-01	
1.300000413793104e-09	1.600000078947368e+00	2.437118988183317e-01	9.579762473581410e-02	
1.400000448275862e-09	7.000000315789472e-01	0.000000000000000e+00	0.000000000000000e+00	
1.400000448275862e-09	8.000000368421051e-01	0.000000000000000e+00	0.000000000000000e+00	
1.300000413793104e-09	1.700000084210526e+00	2.532210846929189e-01	9.731448209162884e-02	
1.300000413793104e-09	1.800000089473684e+00	2.654366173632033e-01	5.874703519210781e-02	
1.400000448275862e-09	9.000000421052630e-01	0.000000000000000e+00	0.000000000000000e+00	
1.400000448275862e-09	1.000000047368421e+00	0.000000000000000e+00	0.000000000000000e+00	
1.300000413793104e-09	1.900000094736842e+00	2.778554003310040e-01	8.403376984666480e-02	
1.300000413793104e-09	2.000000100000000e+00	2.767685438390933e-01	7.826112070787933e-02	
1.400000448275862e-09	1.100000052631579e+00	0.000000000000000e+00	0.000000000000000e+00	
1.400000448275862e-09	1.200000057894737e+00	2.306700652443354e-02	7.831675128392571e-02	
1.400000448275862e-09	1.300000063157895e+00	8.609445550106656e-02	1.368813956384724e-01	
1.500000482758621e-09	1.000000000000000e-01	0.000000000000000e+00	0.000000000000000e+00	
1.500000482758621e-09	2.000000052631579e-01	0.000000000000000e+00	0.000000000000000e+00	
1.500000482758621e-09	3.000000105263158e-01	0.000000000000000e+00	0.000000000000000e+00	
1.500000482758621e-09	4.000000157894736e-01	0.000000000000000e+00	0.000000000000000e+00	
1.400000448275862e-09	1.400000068421052e+00	1.741918326703816e-01	1.403378249706924e-01	
1.500000482758621e-09	5.000000210526315e-01	0.000000000000000e+00	0.000000000000000e+00	
1.500000482758621e-09	6.000000263157893e-01	0.000000000000000e+00	0.000000000000000e+00	
1.400000448275862e-09	1.500000073684210e+00	2.262131283851398e-01	1.011310629664751e-01	
1.400000448275862e-09	1.600000078947368e+00	2.418523685459044e-01	9.791047598795348e-02	
1.500000482758621e-09	7.000000315789472e-01	0.000000000000000e+00	0.000000000000000e+00	
1.500000482758621e-09	8.000000368421051e-01	0.000000000000000e+00	0.000000000000000e+00	
1.500000482758621e-09	9.000000421052630e-01	0.000000000000000e+00	0.000000000000000e+00	
1.400000448275862e-09	1.800000089473684e+00	2.418868516145339e-01	8.370006441643826e-02	
1.400000448275862e-09	1.700000084210526e+00	2.290176214284477e-01	9.219528871439046e-02	
1.400000448275862e-09	1.900000094736842e+00	2.414935546368017e-01	9.007802966166349e-02	
1.500000482758621e-09	1.000000047368421e+00	0.000000000000000e+00	0.000000000000000e+00	
1.400000448275862e-09	2.000000100000000e+00	2.486931587638156e-01	9.772284582856122e-02	
1.500000482758621e-09	1.100000052631579e+00	1.318052015670655e-02	5.745255538638474e-02	
1.500000482758621e-09	1.200000057894737e+00	1.966667580345162e-02	6.279299847477472e-02	
1.500000482758621e-09	1.300000063157895e+00	5.002379433575992e-02	8.933234548440461e-02	
1.600000517241379e-09	1.000000000000000e-01	0.000000000000000e+00	0.000000000000000e+00	
1.600000517241379e-09	2.000000052631579e-01	0.000000000000000e+00	0.000000000000000e+00	
1.600000517241379e-09	3.000000105263158e-01	0.000000000000000e+00	0.000000000000000e+00	
1.600000517241379e-09	4.000000157894736e-01	0.000000000000000e+00	0.000000000000000e+00	
1.600000517241379e-09	5.000000210526315e-01	0.000000000000000e+00	0.000000000000000e+00	
1.500000482758621e-09	1.400000068421052e+00	1.578639302683124e-01	1.398310833025933e-01	
1.600000517241379e-09	6.000000263157893e-01	0.000000000000000e+00	0.000000000000000e+00	
1.500000482758621e-09	1.500000073684210e+00	1.932798129350197e-01	1.130776101451457e-01	
1.600000517241379e-09	7.000000315789472e-01	0.000000000000000e+00	0.000000000000000e+00	
1.500000482758621e-09	1.600000078947368e+00	2.240047686082724e-01	1.043359604028476e-01	
1.600000517241379e-09	8.000000368421051e-01	0.000000000000000e+00	0.000000000000000e+00	
1.500000482758621e-09	1.700000084210526e+00	2.055182134059389e-01	8.582010468289418e-02	
1.600000517241379e-09	9.000000421052630e-01	0.000000000000000e+00	0.000000000000000e+00	
1.500000482758621e-09	1.800000089473684e+00	2.303424638226333e-01	8.579600223133393e-02	
1.600000517241379e-09	1.000000047368421e+00	0.000000000000000e+00	0.000000000000000e+00	
1.500000482758621e-09	1.900000094736842e+00	2.331920342641684e-01	8.699314286142029e-02	
1.600000517241379e-09	1.100000052631579e+00	0.000000000000000e+00	0.000000000000000e+00	
1.500000482758621e-09	2.000000100000000e+00	2.373242761723020e-01	8.321405781629103e-02	
1.600000517241379e-09	1.200000057894737e+00	1.659184397854680e-02	7.232217118947934e-02	
1.700000551724138e-09	1.000000000000000e-01	0.000000000000000e+00	0.000000000000000e+00	
1.700000551724138e-09	2.000000052631579e-01	0.000000000000000e+00	0.000000000000000e+00	
1.700000551724138e-09	3.000000105263158e-01	0.000000000000000e+00	0.000000000000000e+00	
1.600000517241379e-09	1.300000063157895e+00	4.628181997267548e-02	8.243758514010116e-02	
1.700000551724138e-09	4.000000157894736e-01	0.000000000000000e+00	0.000000000000000e+00	
1.700000551724138e-09	5.000000210526315e-01	0.000000000000000e+00	0.000000000000000e+00	
1.700000551724138e-09	6.000000263157893e-01	0.000000000000000e+00	0.000000000000000e+00	
1.600000517241379e-09	1.400000068421052e+00	1.370412602546320e-01	1.182661618181618e-01	
1.600000517241379e-09	1.500000073684210e+00	1.871018990403579e-01	1.188139884994213e-01	
1.600000517241379e-09	1.600000078947368e+00	2.168219946582857e-01	1.034230025844162e-01	
1.700000551724138e-09	7.000000315789472e-01	0.000000000000000e+00	0.000000000000000e+00	
1.700000551724138e-09	8.000000368421051e-01	0.000000000000000e+00	0.000000000000000e+00	
1.600000517241379e-09	1.700000084210526e+00	2.077595697972796e-01	8.673175011393922e-02	
1.700000551724138e-09	9.000000421052630e-01	0.000000000000000e+00	0.000000000000000e+00	
1.600000517241379e-09	1.800000089473684e+00	2.264928889541361e-01	9.074207572203537e-02	
1.700000551724138e-09	1.000000047368421e+00	0.000000000000000e+00	0.000000000000000e+00	
1.600000517241379e-09	1.900000094736842e+00	2.145912770860790e-01	9.397866560351952e-02	
1.700000551724138e-09	1.100000052631579e+00	0.000000000000000e+00	0.000000000000000e+00	
1.600000517241379e-09	2.000000100000000e+00	2.380610508035258e-01	8.072507909819503e-02	
1.700000551724138e-09	1.200000057894737e+00	0.000000000000000e+00	0.000000000000000e+00	
1.800000586206896e-09	1.000000000000000e-01	0.000000000000000e+00	0.000000000000000e+00	
1.800000586206896e-09	2.000000052631579e-01	0.000000000000000e+00	0.000000000000000e+00	
1.800000586206896e-09	3.000000105263158e-01	0.000000000000000e+00	0.000000000000000e+00	
1.800000586206896e-09	4.000000157894736e-01	0.000000000000000e+00	0.000000000000000e+00	
1.800000586206896e-09	5.000000210526315e-01	0.000000000000000e+00	0.000000000000000e+00	
1.700000551724138e-09	1.300000063157895e+00	2.642732199073448e-02	6.414253476613263e-02	
1.800000586206896e-09	6.000000263157893e-01	0.000000000000000e+00	0.000000000000000e+00	
1.700000551724138e-09	1.400000068421052e+00	9.931901461016299e-02	1.212445583034704e-01	
1.700000551724138e-09	1.500000073684210e+00	1.718906265998486e-01	1.256553555097618e-01	
1.800000586206896e-09	8.000000368421051e-01	0.000000000000000e+00	0.000000000000000e+00	
1.800000586206896e-09	7.000000315789472e-01	0.000000000000000e+00	0.000000000000000e+00	
1.700000551724138e-09	1.600000078947368e+00	1.885019685597443e-01	9.574410866766246e-02	
1.800000586206896e-09	9.000000421052630e-01	0.000000000000000e+00	0.000000000000000e+00	
1.700000551724138e-09	1.700000084210526e+00	2.059352104761115e-01	1.022655912936128e-01	
1.700000551724138e-09	1.800000089473684e+00	2.176050827215362e-01	9.024481639719266e-02	
1.800000586206896e-09	1.000000047368421e+00	0.000000000000000e+00	0.000000000000000e+00	
1.700000551724138e-09	1.900000094736842e+00	2.104169613567312e-01	9.680567791910180e-02	
1.800000586206896e-09	1.100000052631579e+00	0.000000000000000e+00	0.000000000000000e+00	
1.700000551724138e-09	2.000000100000000e+00	2.273998416052098e-01	1.067767159693478e-01	
1.900000620689655e-09	1.000000000000000e-01	0.000000000000000e+00	0.000000000000000e+00	
1.800000586206896e-09	1.200000057894737e+00	0.000000000000000e+00	0.000000000000000e+00	
1.900000620689655e-09	2.000000052631579e-01	0.000000000000000e+00	0.000000000000000e+00	
1.900000620689655e-09	3.000000105263158e-01	0.000000000000000e+00	0.000000000000000e+00	
1.900000620689655e-09	4.000000157894736e-01	0.000000000000000e+00	0.000000000000000e+00	
1.900000620689655e-09	5.000000210526315e-01	0.000000000000000e+00	0.000000000000000e+00	
1.900000620689655e-09	6.000000263157893e-01	0.000000000000000e+00	0.000000000000000e+00	
1.800000586206896e-09	1.300000063157895e+00	1.455236312581712e-02	4.387653107459260e-02	
1.800000586206896e-09	1.400000068421052e+00	1.052882784365911e-01	1.207037916000909e-01	
1.900000620689655e-09	7.000000315789472e-01	0.000000000000000e+00	0.000000000000000e+00	
1.800000586206896e-09	1.500000073684210e+00	1.541060765752379e-01	1.152063193954381e-01	
1.900000620689655e-09	8.000000368421051e-01	0.000000000000000e+00	0.000000000000000e+00	
1.800000586206896e-09	1.600000078947368e+00	1.967985139103002e-01	9.477805815196587e-02	
1.800000586206896e-09	1.700000084210526e+00	1.681790108232792e-01	9.606319028322535e-02	
1.900000620689655e-09	9.000000421052630e-01	0.000000000000000e+00	0.000000000000000e+00	
1.800000586206896e-09	1.800000089473684e+00	2.107009853110550e-01	9.285921184213469e-02	
1.900000620689655e-09	1.000000047368421e+00	0.000000000000000e+00	0.000000000000000e+00	
1.800000586206896e-09	1.900000094736842e+00	2.341787323725481e-01	1.077388125277148e-01	
1.900000620689655e-09	1.100000052631579e+00	0.000000000000000e+00	0.000000000000000e+00	
1.800000586206896e-09	2.000000100000000e+00	2.119435102680244e-01	8.807556814065452e-02	
1.900000620689655e-09	1.200000057894737e+00	0.000000000000000e+00	0.000000000000000e+00	
2.000000655172414e-09	1.000000000000000e-01	0.000000000000000e+00	0.000000000000000e+00	
2.000000655172414e-09	2.000000052631579e-01	0.000000000000000e+00	0.000000000000000e+00	
2.000000655172414e-09	3.000000105263158e-01	0.000000000000000e+00	0.000000000000000e+00	
2.000000655172414e-09	4.000000157894736e-01	0.000000000000000e+00	0.000000000000000e+00	
2.000000655172414e-09	5.000000210526315e-01	0.000000000000000e+00	0.000000000000000e+00	
2.000000655172414e-09	6.000000263157893e-01	0.000000000000000e+00	0.000000000000000e+00	
1.900000620689655e-09	1.300000063157895e+00	0.000000000000000e+00	0.000000000000000e+00	
2.000000655172414e-09	7.000000315789472e-01	0.000000000000000e+00	0.000000000000000e+00	
2.000000655172414e-09	8.000000368421051e-01	0.000000000000000e+00	0.000000000000000e+00	
1.900000620689655e-09	1.400000068421052e+00	7.100157240159261e-02	9.943334960500155e-02	
2.000000655172414e-09	9.000000421052630e-01	0.000000000000000e+00	0.000000000000000e+00	
1.900000620689655e-09	1.600000078947368e+00	1.560805636179829e-01	1.125629588267714e-01	
1.900000620689655e-09	1.500000073684210e+00	1.409538259461866e-01	1.242424471875766e-01	
1.900000620689655e-09	1.700000084210526e+00	1.818196850673305e-01	1.126008270487082e-01	
2.000000655172414e-09	1.000000047368421e+00	0.000000000000000e+00	0.000000000000000e+00	
1.900000620689655e-09	1.800000089473684e+00	1.821185999270484e-01	1.070675990983948e-01	
1.900000620689655e-09	1.900000094736842e+00	2.098229134860530e-01	8.865239726994677e-02	
2.000000655172414e-09	1.100000052631579e+00	0.000000000000000e+00	0.000000000000000e+00	
1.900000620689655e-09	2.000000100000000e+00	2.236546576928004e-01	8.888391862691787e-02	
2.000000655172414e-09	1.200000057894737e+00	0.000000000000000e+00	0.000000000000000e+00	
2.100000689655173e-09	1.000000000000000e-01	0.000000000000000e+00	0.000000000000000e+00	
2.100000689655173e-09	2.000000052631579e-01	0.000000000000000e+00	0.000000000000000e+00	
2.100000689655173e-09	3.000000105263158e-01	0.000000000000000e+00	0.000000000000000e+00	
2.100000689655173e-09	4.000000157894736e-01	0.000000000000000e+00	0.000000000000000e+00	
2.100000689655173e-09	5.000000210526315e-01	0.000000000000000e+00	0.000000000000000e+00	
2.100000689655173e-09	6.000000263157893e-01	0.000000000000000e+00	0.000000000000000e+00	
2.100000689655173e-09	7.000000315789472e-01	0.000000000000000e+00	0.000000000000000e+00	
2.000000655172414e-09	1.300000063157895e+00	0.000000000000000e+00	0.000000000000000e+00	
2.100000689655173e-09	8.000000368421051e-01	0.000000000000000e+00	0.000000000000000e+00	
2.100000689655173e-09	9.000000421052630e-01	0.000000000000000e+00	0.000000000000000e+00	
2.000000655172414e-09	1.400000068421052e+00	8.180628736118796e-02	1.065052906477609e-01	
2.000000655172414e-09	1.500000073684210e+00	1.229931842168356e-01	1.164743119767089e-01	
2.000000655172414e-09	1.600000078947368e+00	1.528580983609242e-01	1.074837061787138e-01	
2.000000655172414e-09	1.700000084210526e+00	1.797116779667066e-01	1.008618724803439e-01	
2.100000689655173e-09	1.000000047368421e+00	0.000000000000000e+00	0.000000000000000e+00	
2.000000655172414e-09	1.800000089473684e+00	1.824854489015905e-01	1.183526861307785e-01	
2.000000655172414e-09	1.900000094736842e+00	1.885078380681166e-01	8.495324404447196e-02	
2.100000689655173e-09	1.100000052631579e+00	0.000000000000000e+00	0.000000000000000e+00	
2.000000655172414e-09	2.000000100000000e+00	2.101863869312977e-01	9.485665350221621e-02	
2.100000689655173e-09	1.200000057894737e+00	0.000000000000000e+00	0.000000000000000e+00	
2.200000724137931e-09	1.000000000000000e-01	0.000000000000000e+00	0.000000000000000e+00	
2.200000724137931e-09	2.000000052631579e-01	0.000000000000000e+00	0.000000000000000e+00	
2.200000724137931e-09	3.000000105263158e-01	0.000000000000000e+00	0.000000000000000e+00	
2.200000724137931e-09	4.000000157894736e-01	0.000000000000000e+00	0.000000000000000e+00	
2.200000724137931e-09	5.000000210526315e-01	0.000000000000000e+00	0.000000000000000e+00	
2.200000724137931e-09	6.000000263157893e-01	0.000000000000000e+00	0.000000000000000e+00	
2.200000724137931e-09	7.000000315789472e-01	0.000000000000000e+00	0.000000000000000e+00	
2.200000724137931e-09	8.000000368421051e-01	0.000000000000000e+00	0.000000000000000e+00	
2.200000724137931e-09	9.000000421052630e-01	0.000000000000000e+00	0.000000000000000e+00	
2.100000689655173e-09	1.300000063157895e+00	1.368703469982218e-02	4.109048694528793e-02	
2.100000689655173e-09	1.400000068421052e+00	3.334594671971684e-02	6.792715907118625e-02	
2.100000689655173e-09	1.500000073684210e+00	1.210504795428129e-01	1.184750564002726e-01	
2.200000724137931e-09	1.000000047368421e+00	0.000000000000000e+00	0.000000000000000e+00	
2.100000689655173e-09	1.600000078947368e+00	1.219953888554539e-01	1.184205216316738e-01	
2.100000689655173e-09	1.700000084210526e+00	1.653207143100114e-01	1.036381672259280e-01	
2.100000689655173e-09	1.800000089473684e+00	1.777431775761533e-01	9.723497909573775e-02	
2.200000724137931e-09	1.100000052631579e+00	0.000000000000000e+00	0.000000000000000e+00	
2.100000689655173e-09	1.900000094736842e+00	1.823200283695060e-01	1.176747854334559e-01	
2.200000724137931e-09	1.200000057894737e+00	0.000000000000000e+00	0.000000000000000e+00	
2.100000689655173e-09	2.000000100000000e+00	2.257199915895146e-01	1.154521283067096e-01	
2.300000758620690e-09	1.000000000000000e-01	0.000000000000000e+00	0.000000000000000e+00	
2.300000758620690e-09	2.000000052631579e-01	0.000000000000000e+00	0.000000000000000e+00	
2.300000758620690e-09	3.000000105263158e-01	0.000000000000000e+00	0.000000000000000e+00	
2.300000758620690e-09	4.000000157894736e-01	0.000000000000000e+00	0.000000000000000e+00	
2.300000758620690e-09	5.000000210526315e-01	0.000000000000000e+00	0.000000000000000e+00	
2.300000758620690e-09	6.000000263157893e-01	0.000000000000000e+00	0.000000000000000e+00	
2.300000758620690e-09	7.000000315789472e-01	0.000000000000000e+00	0.000000000000000e+00	
2.300000758620690e-09	8.000000368421051e-01	0.000000000000000e+00	0.000000000000000e+00	
2.300000758620690e-09	9.000000421052630e-01	0.000000000000000e+00	0.000000000000000e+00	
2.200000724137931e-09	1.300000063157895e+00	0.000000000000000e+00	0.000000000000000e+00	
2.200000724137931e-09	1.400000068421052e+00	6.906333039327428e-02	9.666075907364523e-02	
2.200000724137931e-09	1.500000073684210e+00	9.694442946357430e-02	1.110723215295214e-01	
2.300000758620690e-09	1.000000047368421e+00	0.000000000000000e+00	0.000000000000000e+00	
2.200000724137931e-09	1.600000078947368e+00	1.273044841064063e-01	1.108705667001457e-01	
2.200000724137931e-09	1.800000089473684e+00	1.587926168757625e-01	1.169359468787857e-01	
2.300000758620690e-09	1.100000052631579e+00	0.000000000000000e+00	0.000000000000000e+00	
2.200000724137931e-09	1.700000084210526e+00	1.647373883443769e-01	1.040020083018299e-01	
2.200000724137931e-09	1.900000094736842e+00	1.843561652671244e-01	1.172866781389190e-01	
2.300000758620690e-09	1.200000057894737e+00	0.000000000000000e+00	0.000000000000000e+00	
2.200000724137931e-09	2.000000100000000e+00	2.037272466590496e-01	1.022428615985710e-01	
2.400000793103448e-09	1.000000000000000e-01	0.000000000000000e+00	0.000000000000000e+00	
2.400000793103448e-09	2.000000052631579e-01	0.000000000000000e+00	0.000000000000000e+00	
2.400000793103448e-09	3.000000105263158e-01	0.000000000000000e+00	0.000000000000000e+00	
2.400000793103448e-09	4.000000157894736e-01	0.000000000000000e+00	0.000000000000000e+00	
2.400000793103448e-09	5.000000210526315e-01	0.000000000000000e+00	0.000000000000000e+00	
2.400000793103448e-09	6.000000263157893e-01	0.000000000000000e+00	0.000000000000000e+00	
2.400000793103448e-09	7.000000315789472e-01	0.000000000000000e+00	0.000000000000000e+00	
2.400000793103448e-09	8.000000368421051e-01	0.000000000000000e+00	0.000000000000000e+00	
2.300000758620690e-09	1.300000063157895e+00	0.000000000000000e+00	0.000000000000000e+00	
2.400000793103448e-09	9.000000421052630e-01	0.000000000000000e+00	0.000000000000000e+00	
2.400000793103448e-09	1.000000047368421e+00	0.000000000000000e+00	0.000000000000000e+00	
2.400000793103448e-09	1.100000052631579e+00	0.000000000000000e+00	0.000000000000000e+00	
2.300000758620690e-09	1.400000068421052e+00	3.607167759337677e-02	7.583101902383886e-02	
2.300000758620690e-09	1.500000073684210e+00	7.570611104577288e-02	9.688414309309447e-02	
2.300000758620690e-09	1.600000078947368e+00	1.169557502869009e-01	1.115626781902877e-01	
2.300000758620690e-09	1.700000084210526e+00	1.523538068562323e-01	1.039527431530655e-01	
2.300000758620690e-09	1.800000089473684e+00	1.688049592177118e-01	9.666297117403655e-02	
2.400000793103448e-09	1.200000057894737e+00	0.000000000000000e+00	0.000000000000000e+00	
2.300000758620690e-09	1.900000094736842e+00	1.761351735800336e-01	9.673918274515562e-02	
2.300000758620690e-09	2.000000100000000e+00	1.724267371416310e-01	1.047469935578454e-01	
2.500000827586207e-09	1.000000000000000e-01	0.000000000000000e+00	0.000000000000000e+00	
2.500000827586207e-09	2.000000052631579e-01	0.000000000000000e+00	0.000000000000000e+00	
2.500000827586207e-09	3.000000105263158e-01	0.000000000000000e+00	0.000000000000000e+00	
2.500000827586207e-09	4.000000157894736e-01	0.000000000000000e+00	0.000000000000000e+00	
2.500000827586207e-09	5.000000210526315e-01	0.000000000000000e+00	0.000000000000000e+00	
2.500000827586207e-09	6.000000263157893e-01	0.000000000000000e+00	0.000000000000000e+00	
2.400000793103448e-09	1.300000063157895e+00	0.000000000000000e+00	0.000000000000000e+00	
2.500000827586207e-09	7.000000315789472e-01	0.000000000000000e+00	0.000000000000000e+00	
2.500000827586207e-09	8.000000368421051e-01	0.000000000000000e+00	0.000000000000000e+00	
2.500000827586207e-09	9.000000421052630e-01	0.000000000000000e+00	0.000000000000000e+00	
2.500000827586207e-09	1.000000047368421e+00	0.000000000000000e+00	0.000000000000000e+00	
2.500000827586207e-09	1.100000052631579e+00	0.000000000000000e+00	0.000000000000000e+00	
2.400000793103448e-09	1.400000068421052e+00	2.157232242769675e-02	5.187857476266439e-02	
2.400000793103448e-09	1.500000073684210e+00	6.739050816610663e-02	8.566111092416735e-02	
2.400000793103448e-09	1.700000084210526e+00	1.140509050338662e-01	1.004465014162601e-01	
2.400000793103448e-09	1.600000078947368e+00	1.166947212035973e-01	1.120244360002590e-01	
2.500000827586207e-09	1.200000057894737e+00	0.000000000000000e+00	0.000000000000000e+00	
2.400000793103448e-09	1.800000089473684e+00	1.509187174782386e-01	1.098434636750444e-01	
2.400000793103448e-09	1.900000094736842e+00	1.653845148776020e-01	1.053505061032839e-01	
2.600000862068965e-09	1.000000000000000e-01	0.000000000000000e+00	0.000000000000000e+00	
2.600000862068965e-09	2.000000052631579e-01	0.000000000000000e+00	0.000000000000000e+00	
2.600000862068965e-09	3.000000105263158e-01	0.000000000000000e+00	0.000000000000000e+00	
2.600000862068965e-09	4.000000157894736e-01	0.000000000000000e+00	0.000000000000000e+00	
2.400000793103448e-09	2.000000100000000e+00	1.636638366047189e-01	9.848689744101793e-02	
2.600000862068965e-09	5.000000210526315e-01	0.000000000000000e+00	0.000000000000000e+00	
2.600000862068965e-09	6.000000263157893e-01	0.000000000000000e+00	0.000000000000000e+00	
2.600000862068965e-09	7.000000315789472e-01	0.000000000000000e+00	0.000000000000000e+00	
2.500000827586207e-09	1.300000063157895e+00	0.000000000000000e+00	0.000000000000000e+00	
2.600000862068965e-09	8.000000368421051e-01	0.000000000000000e+00	0.000000000000000e+00	
2.600000862068965e-09	9.000000421052630e-01	0.000000000000000e+00	0.000000000000000e+00	
2.600000862068965e-09	1.000000047368421e+00	0.000000000000000e+00	0.000000000000000e+00	
2.600000862068965e-09	1.100000052631579e+00	0.000000000000000e+00	0.000000000000000e+00	
2.500000827586207e-09	1.400000068421052e+00	1.437140914720114e-02	4.352173394814289e-02	
2.500000827586207e-09	1.500000073684210e+00	4.679745178607737e-02	7.321921897439776e-02	
2.600000862068965e-09	1.200000057894737e+00	0.000000000000000e+00	0.000000000000000e+00	
2.500000827586207e-09	1.600000078947368e+00	9.749850757996148e-02	1.105564884464384e-01	
2.500000827586207e-09	1.700000084210526e+00	1.254243309011507e-01	1.024901537847741e-01	
2.500000827586207e-09	1.800000089473684e+00	1.338083475710482e-01	1.060819971627442e-01	
2.500000827586207e-09	1.900000094736842e+00	1.608196763775553e-01	1.145748532024323e-01	
2.700000896551724e-09	1.000000000000000e-01	0.000000000000000e+00	0.000000000000000e+00	
2.600000862068965e-09	1.300000063157895e+00	0.000000000000000e+00	0.000000000000000e+00	
2.700000896551724e-09	2.000000052631579e-01	0.000000000000000e+00	0.000000000000000e+00	
2.700000896551724e-09	3.000000105263158e-01	0.000000000000000e+00	0.000000000000000e+00	
2.700000896551724e-09	4.000000157894736e-01	0.000000000000000e+00	0.000000000000000e+00	
2.700000896551724e-09	5.000000210526315e-01	0.000000000000000e+00	0.000000000000000e+00	
2.500000827586207e-09	2.000000100000000e+00	1.477805556658086e-01	9.154940293063726e-02	
2.700000896551724e-09	6.000000263157893e-01	0.000000000000000e+00	0.000000000000000e+00	
2.700000896551724e-09	7.000000315789472e-01	0.000000000000000e+00	0.000000000000000e+00	
2.700000896551724e-09	8.000000368421051e-01	0.000000000000000e+00	0.000000000000000e+00	
2.700000896551724e-09	9.000000421052630e-01	0.000000000000000e+00	0.000000000000000e+00	
2.700000896551724e-09	1.000000047368421e+00	0.000000000000000e+00	0.000000000000000e+00	
2.700000896551724e-09	1.100000052631579e+00	0.000000000000000e+00	0.000000000000000e+00	
2.700000896551724e-09	1.200000057894737e+00	0.000000000000000e+00	0.000000000000000e+00	
2.600000862068965e-09	1.400000068421052e+00	9.944011427764759e-03	4.334494090704018e-02	
2.600000862068965e-09	1.500000073684210e+00	4.474050346755855e-02	7.973818460745410e-02	
2.600000862068965e-09	1.600000078947368e+00	6.152008294373577e-02	8.602122902716294e-02	
2.600000862068965e-09	1.700000084210526e+00	1.179117234823206e-01	1.193699995552441e-01	
2.800000931034482e-09	1.000000000000000e-01	0.000000000000000e+00	0.000000000000000e+00	
2.800000931034482e-09	2.000000052631579e-01	0.000000000000000e+00	0.000000000000000e+00	
2.600000862068965e-09	1.800000089473684e+00	1.158615563497535e-01	1.079651611449503e-01	
2.800000931034482e-09	3.000000105263158e-01	0.000000000000000e+00	0.000000000000000e+00	
2.700000896551724e-09	1.300000063157895e+00	0.000000000000000e+00	0.000000000000000e+00	
2.800000931034482e-09	4.000000157894736e-01	0.000000000000000e+00	0.000000000000000e+00	
2.600000862068965e-09	1.900000094736842e+00	1.448880735156816e-01	1.088345206898201e-01	
2.800000931034482e-09	5.000000210526315e-01	0.000000000000000e+00	0.000000000000000e+00	
2.800000931034482e-09	6.000000263157893e-01	0.000000000000000e+00	0.000000000000000e+00	
2.600000862068965e-09	2.000000100000000e+00	1.791435856078412e-01	1.102517475742669e-01	
2.800000931034482e-09	7.000000315789472e-01	0.000000000000000e+00	0.000000000000000e+00	
2.800000931034482e-09	8.000000368421051e-01	0.000000000000000e+00	0.000000000000000e+00	
2.800000931034482e-09	9.000000421052630e-01	0.000000000000000e+00	0.000000000000000e+00	
2.800000931034482e-09	1.000000047368421e+00	0.000000000000000e+00	0.000000000000000e+00	
2.800000931034482e-09	1.100000052631579e+00	0.000000000000000e+00	0.000000000000000e+00	
2.700000896551724e-09	1.400000068421052e+00	1.015886576234499e-02	4.428146923905710e-02	
2.800000931034482e-09	1.200000057894737e+00	0.000000000000000e+00	0.000000000000000e+00	
2.700000896551724e-09	1.500000073684210e+00	3.129754816980673e-02	6.378816881278287e-02	
2.800000931034482e-09	1.300000063157895e+00	0.000000000000000e+00	0.000000000000000e+00	
2.700000896551724e-09	1.600000078947368e+00	7.253086113191377e-02	9.294007921462655e-02	
2.900000965517241e-09	1.000000000000000e-01	0.000000000000000e+00	0.000000000000000e+00	
2.900000965517241e-09	2.000000052631579e-01	0.000000000000000e+00	0.000000000000000e+00	
2.900000965517241e-09	3.000000105263158e-01	0.000000000000000e+00	0.000000000000000e+00	
2.900000965517241e-09	4.000000157894736e-01	0.000000000000000e+00	0.000000000000000e+00	
2.700000896551724e-09	1.800000089473684e+00	1.193120590164539e-01	1.109667187736327e-01	
2.700000896551724e-09	1.900000094736842e+00	1.398823489743102e-01	1.064103212542173e-01	
2.700000896551724e-09	1.700000084210526e+00	1.070879676739315e-01	1.267308402064789e-01	
2.900000965517241e-09	5.000000210526315e-01	0.000000000000000e+00	0.000000000000000e+00	
2.900000965517241e-09	6.000000263157893e-01	0.000000000000000e+00	0.000000000000000e+00	
2.900000965517241e-09	7.000000315789472e-01	0.000000000000000e+00	0.000000000000000e+00	
2.700000896551724e-09	2.000000100000000e+00	1.569293157321393e-01	1.097293772848407e-01	
2.900000965517241e-09	8.000000368421051e-01	0.000000000000000e+00	0.000000000000000e+00	
2.900000965517241e-09	9.000000421052630e-01	0.000000000000000e+00	0.000000000000000e+00	
2.900000965517241e-09	1.000000047368421e+00	0.000000000000000e+00	0.000000000000000e+00	
2.900000965517241e-09	1.100000052631579e+00	0.000000000000000e+00	0.000000000000000e+00	
2.800000931034482e-09	1.400000068421052e+00	0.000000000000000e+00	0.000000000000000e+00	
2.900000965517241e-09	1.200000057894737e+00	0.000000000000000e+00	0.000000000000000e+00	
2.800000931034482e-09	1.500000073684210e+00	4.016983565967509e-02	7.479983993681458e-02	
2.800000931034482e-09	1.600000078947368e+00	7.569327070778417e-02	9.983440867083258e-02	
2.900000965517241e-09	1.300000063157895e+00	0.000000000000000e+00	0.000000000000000e+00	
2.800000931034482e-09	1.700000084210526e+00	8.696737232243930e-02	1.019064428476010e-01	
3.000001000000000e-09	1.000000000000000e-01	0.000000000000000e+00	0.000000000000000e+00	
3.000001000000000e-09	2.000000052631579e-01	0.000000000000000e+00	0.000000000000000e+00	
3.000001000000000e-09	3.000000105263158e-01	0.000000000000000e+00	0.000000000000000e+00	
2.800000931034482e-09	1.800000089473684e+00	1.253383740245256e-01	1.232639155860662e-01	
3.000001000000000e-09	4.000000157894736e-01	0.000000000000000e+00	0.000000000000000e+00	
3.000001000000000e-09	5.000000210526315e-01	0.000000000000000e+00	0.000000000000000e+00	
3.000001000000000e-09	6.000000263157893e-01	0.000000000000000e+00	0.000000000000000e+00	
3.000001000000000e-09	7.000000315789472e-01	0.000000000000000e+00	0.000000000000000e+00	
2.800000931034482e-09	1.900000094736842e+00	1.257358190030597e-01	1.027336057147349e-01	
2.800000931034482e-09	2.000000100000000e+00	1.178931836899723e-01	1.145103713036753e-01	
3.000001000000000e-09	8.000000368421051e-01	0.000000000000000e+00	0.000000000000000e+00	
3.000001000000000e-09	9.000000421052630e-01	0.000000000000000e+00	0.000000000000000e+00	
3.000001000000000e-09	1.000000047368421e+00	0.000000000000000e+00	0.000000000000000e+00	
3.000001000000000e-09	1.100000052631579e+00	0.000000000000000e+00	0.000000000000000e+00	
2.900000965517241e-09	1.400000068421052e+00	0.000000000000000e+00	0.000000000000000e+00	
3.000001000000000e-09	1.200000057894737e+00	0.000000000000000e+00	0.000000000000000e+00	
3.000001000000000e-09	1.300000063157895e+00	0.000000000000000e+00	0.000000000000000e+00	
2.900000965517241e-09	1.500000073684210e+00	2.572154071014742e-02	5.412312050287227e-02	
2.900000965517241e-09	1.600000078947368e+00	5.890056721583109e-02	8.610071395032159e-02	
2.900000965517241e-09	1.700000084210526e+00	1.009154926005572e-01	1.066959514897772e-01	
2.900000965517241e-09	1.800000089473684e+00	1.012475092820282e-01	1.133087721539762e-01	
2.900000965517241e-09	1.900000094736842e+00	1.120906759059676e-01	1.037430949049288e-01	
2.900000965517241e-09	2.000000100000000e+00	1.272317992777115e-01	1.050300468004034e-01	
3.000001000000000e-09	1.400000068421052e+00	0.000000000000000e+00	0.000000000000000e+00	
3.000001000000000e-09	1.500000073684210e+00	2.888528355730347e-02	6.957404866957465e-02	
3.000001000000000e-09	1.600000078947368e+00	6.433174083100887e-02	9.054352013128714e-02	
3.000001000000000e-09	1.700000084210526e+00	8.326975485577397e-02	9.571581441223326e-02	
3.000001000000000e-09	1.900000094736842e+00	1.059497358361386e-01	1.160523738923011e-01	
3.000001000000000e-09	1.800000089473684e+00	1.087023014501302e-01	1.194624659271218e-01	
3.000001000000000e-09	2.000000100000000e+00	1.286429678208394e-01	1.095417608045847e-01	
