1.000000000000000e-10	3.000000105263158e-01	1.742912358819441e-01	6.764108811214400e-02	
1.000000000000000e-10	1.000000000000000e-01	9.234203704793079e-02	4.390441193303204e-02	
1.000000000000000e-10	2.000000052631579e-01	1.302128748077481e-01	5.258708163796495e-02	
1.000000000000000e-10	4.000000157894736e-01	1.944958549832587e-01	7.561208361858097e-02	
1.000000000000000e-10	5.000000210526315e-01	2.278388780546196e-01	9.759175546129853e-02	
1.000000000000000e-10	6.000000263157893e-01	2.662133855066601e-01	1.170942280676467e-01	
1.000000000000000e-10	7.000000315789472e-01	2.713133995368593e-01	1.034707394794621e-01	
1.000000000000000e-10	8.000000368421051e-01	2.896101407054612e-01	8.003334066006168e-02	
1.000000000000000e-10	9.000000421052630e-01	3.145664180054429e-01	7.433292103203634e-02	
1.000000000000000e-10	1.000000047368421e+00	3.186798226345215e-01	7.672968126444360e-02	
1.000000000000000e-10	1.100000052631579e+00	3.125862929536464e-01	7.475146708390204e-02	
1.000000000000000e-10	1.200000057894737e+00	3.248568734062158e-01	6.875044854245446e-02	
1.000000000000000e-10	1.300000063157895e+00	3.471116598418528e-01	8.056128535440127e-02	
1.000000000000000e-10	1.400000068421052e+00	3.400383889466564e-01	7.953223650284372e-02	
1.000000000000000e-10	1.500000073684210e+00	3.414449546435026e-01	5.238794481155984e-02	
1.000000000000000e-10	1.600000078947368e+00	3.409435439049141e-01	5.077590286194256e-02	
1.000000000000000e-10	1.700000084210526e+00	3.334992407977753e-01	4.910541928083572e-02	
1.000000000000000e-10	1.800000089473684e+00	3.281216866252276e-01	4.377611355881118e-02	
1.000000000000000e-10	1.900000094736842e+00	3.269850387091907e-01	4.964441118386117e-02	
1.000000000000000e-10	2.000000100000000e+00	3.279268165945511e-01	5.215659740025819e-02	
2.000000344827586e-10	1.000000000000000e-01	1.033221866291872e-01	4.900817547021481e-02	
2.000000344827586e-10	2.000000052631579e-01	1.264166604803279e-01	5.673946885394240e-02	
2.000000344827586e-10	3.000000105263158e-01	1.806397448528985e-01	8.194172899559053e-02	
2.000000344827586e-10	4.000000157894736e-01	1.944374361218554e-01	9.567601410045616e-02	
2.000000344827586e-10	5.000000210526315e-01	2.463594260730008e-01	1.028774913700580e-01	
2.000000344827586e-10	6.000000263157893e-01	3.026701279627467e-01	1.215605073521064e-01	
2.000000344827586e-10	7.000000315789472e-01	3.745020750352755e-01	1.271262460141362e-01	
2.000000344827586e-10	8.000000368421051e-01	3.832871177656625e-01	1.201857067152901e-01	
2.000000344827586e-10	9.000000421052630e-01	4.310123304615935e-01	1.331640881826006e-01	
2.000000344827586e-10	1.000000047368421e+00	4.685942411673577e-01	1.156702513504569e-01	
2.000000344827586e-10	1.100000052631579e+00	4.919965523911872e-01	9.595589644177624e-02	
2.000000344827586e-10	1.200000057894737e+00	4.855244398569862e-01	1.008013353279735e-01	
2.000000344827586e-10	1.300000063157895e+00	5.037700976867165e-01	9.766707499151561e-02	
2.000000344827586e-10	1.400000068421052e+00	4.968368862739528e-01	8.491363314424842e-02	
2.000000344827586e-10	1.500000073684210e+00	5.104512971215496e-01	9.946424469136435e-02	
2.000000344827586e-10	1.600000078947368e+00	4.804141415947280e-01	7.720396968127459e-02	
2.000000344827586e-10	1.700000084210526e+00	4.812459118914935e-01	7.097436075829686e-02	
2.000000344827586e-10	1.800000089473684e+00	4.782974476290668e-01	7.126954054353576e-02	
2.000000344827586e-10	1.900000094736842e+00	4.822548246882268e-01	8.315507808659832e-02	
3.000000689655172e-10	1.000000000000000e-01	9.866972912869504e-02	3.874405899762819e-02	
2.000000344827586e-10	2.000000100000000e+00	4.741610644715199e-01	7.085590476189507e-02	
3.000000689655172e-10	2.000000052631579e-01	1.358078475035286e-01	5.625669788198154e-02	
3.000000689655172e-10	3.000000105263158e-01	1.675283246137987e-01	8.251707720815783e-02	
3.000000689655172e-10	4.000000157894736e-01	2.300472829201436e-01	1.081695208839725e-01	
3.000000689655172e-10	5.000000210526315e-01	2.552470279936631e-01	1.066817920578243e-01	
3.000000689655172e-10	6.000000263157893e-01	3.120360901481928e-01	1.044451310798092e-01	
3.000000689655172e-10	7.000000315789472e-01	3.312275875357495e-01	1.110625545585917e-01	
3.000000689655172e-10	8.000000368421051e-01	3.846621328749950e-01	1.101148998336118e-01	
3.000000689655172e-10	9.000000421052630e-01	4.606416454298803e-01	1.223962145874874e-01	
3.000000689655172e-10	1.000000047368421e+00	4.880191246645230e-01	8.924514709404895e-02	
3.000000689655172e-10	1.100000052631579e+00	4.671964562260659e-01	1.086508887570558e-01	
3.000000689655172e-10	1.200000057894737e+00	5.421281532324798e-01	9.142772744844646e-02	
3.000000689655172e-10	1.300000063157895e+00	5.136386366022412e-01	1.138117440907880e-01	
3.000000689655172e-10	1.400000068421052e+00	5.586110556554577e-01	1.302230479525240e-01	
3.000000689655172e-10	1.500000073684210e+00	5.217634290123280e-01	1.367727838418703e-01	
3.000000689655172e-10	1.600000078947368e+00	5.282421025045323e-01	1.142804707974154e-01	
3.000000689655172e-10	1.700000084210526e+00	5.148099892052328e-01	9.853377338646785e-02	
3.000000689655172e-10	1.800000089473684e+00	4.931690587650963e-01	1.021220187214689e-01	
3.000000689655172e-10	1.900000094736842e+00	5.080747169631324e-01	7.621482214735067e-02	
4.000001034482759e-10	1.000000000000000e-01	1.148159423930998e-01	6.340434805735912e-02	
3.000000689655172e-10	2.000000100000000e+00	4.979644402795905e-01	8.821303279550485e-02	
4.000001034482759e-10	2.000000052631579e-01	1.447299601240486e-01	7.039947160887224e-02	
4.000001034482759e-10	3.000000105263158e-01	1.796607562093957e-01	8.028589483215796e-02	
4.000001034482759e-10	4.000000157894736e-01	2.181754279324357e-01	9.561150375960800e-02	
4.000001034482759e-10	5.000000210526315e-01	2.653674063738743e-01	1.243018864909409e-01	
4.000001034482759e-10	6.000000263157893e-01	2.609472077124764e-01	1.025081666219904e-01	
4.000001034482759e-10	7.000000315789472e-01	3.295964720276304e-01	9.915932429408249e-02	
4.000001034482759e-10	8.000000368421051e-01	4.048948992368493e-01	7.628873534699346e-02	
4.000001034482759e-10	9.000000421052630e-01	4.591976936526988e-01	7.410890306226724e-02	
4.000001034482759e-10	1.000000047368421e+00	4.917388793341733e-01	9.642933343646708e-02	
4.000001034482759e-10	1.100000052631579e+00	5.150115973018241e-01	6.970245310973963e-02	
4.000001034482759e-10	1.200000057894737e+00	5.141014650148003e-01	8.592539290514836e-02	
4.000001034482759e-10	1.300000063157895e+00	5.196546604157877e-01	9.765141475022107e-02	
4.000001034482759e-10	1.400000068421052e+00	5.517697448796394e-01	1.016271190304433e-01	
4.000001034482759e-10	1.500000073684210e+00	4.910035315473372e-01	7.504422719959647e-02	
4.000001034482759e-10	1.600000078947368e+00	5.222242501536420e-01	1.044507067125183e-01	
4.000001034482759e-10	1.700000084210526e+00	5.079683016440694e-01	1.066164968781413e-01	
4.000001034482759e-10	1.800000089473684e+00	5.074637061062939e-01	1.108607650695382e-01	
4.000001034482759e-10	1.900000094736842e+00	4.997170867535686e-01	9.724538783750040e-02	
5.000001379310345e-10	1.000000000000000e-01	1.105811169044973e-01	5.137359589002315e-02	
4.000001034482759e-10	2.000000100000000e+00	4.833802506716049e-01	1.049038741798345e-01	
5.000001379310345e-10	2.000000052631579e-01	1.385604126236696e-01	5.451217682730652e-02	
5.000001379310345e-10	3.000000105263158e-01	1.689090920133119e-01	8.209833298358486e-02	
5.000001379310345e-10	4.000000157894736e-01	2.351193777561638e-01	1.004448305947156e-01	
5.000001379310345e-10	5.000000210526315e-01	2.444413590739127e-01	1.024913876170705e-01	
5.000001379310345e-10	6.000000263157893e-01	2.529581388980616e-01	7.751632123357245e-02	
5.000001379310345e-10	7.000000315789472e-01	3.189941783583807e-01	9.843287955200154e-02	
5.000001379310345e-10	8.000000368421051e-01	3.968087873186998e-01	6.125696763224064e-02	
5.000001379310345e-10	9.000000421052630e-01	4.526603549930399e-01	5.304872042060957e-02	
5.000001379310345e-10	1.000000047368421e+00	4.546884483370414e-01	6.865124387325811e-02	
5.000001379310345e-10	1.100000052631579e+00	5.200902674042348e-01	8.752424496073126e-02	
5.000001379310345e-10	1.200000057894737e+00	5.479364508109560e-01	9.461047663733234e-02	
5.000001379310345e-10	1.300000063157895e+00	5.518304311114536e-01	1.076962138684939e-01	
5.000001379310345e-10	1.400000068421052e+00	5.449871520373490e-01	9.737252935773390e-02	
5.000001379310345e-10	1.500000073684210e+00	5.029485013519361e-01	1.213840815589569e-01	
5.000001379310345e-10	1.600000078947368e+00	4.879596079249803e-01	1.092629013369325e-01	
5.000001379310345e-10	1.700000084210526e+00	4.970317574846604e-01	9.172852639233167e-02	
5.000001379310345e-10	1.800000089473684e+00	4.888422321691701e-01	1.165736185881895e-01	
5.000001379310345e-10	1.900000094736842e+00	5.276331998671983e-01	1.177021924933685e-01	
5.000001379310345e-10	2.000000100000000e+00	4.941677495497772e-01	1.140758245173133e-01	
6.000001724137931e-10	1.000000000000000e-01	1.095858877290747e-01	4.584869662809021e-02	
6.000001724137931e-10	2.000000052631579e-01	1.235466083002356e-01	4.861390019816744e-02	
6.000001724137931e-10	3.000000105263158e-01	1.716888879559533e-01	7.325468820399168e-02	
6.000001724137931e-10	4.000000157894736e-01	2.241837444881222e-01	7.806627760222140e-02	
6.000001724137931e-10	5.000000210526315e-01	1.971461692718459e-01	7.901554915499839e-02	
6.000001724137931e-10	6.000000263157893e-01	2.549792132972747e-01	9.023300179034857e-02	
6.000001724137931e-10	7.000000315789472e-01	3.253576891255821e-01	7.986572445521535e-02	
6.000001724137931e-10	8.000000368421051e-01	3.686254099823550e-01	8.856336622503155e-02	
6.000001724137931e-10	9.000000421052630e-01	4.180294265877272e-01	7.772719143089654e-02	
6.000001724137931e-10	1.000000047368421e+00	5.035642733104364e-01	5.502149942078181e-02	
6.000001724137931e-10	1.100000052631579e+00	5.045466919709524e-01	7.455902209694444e-02	
6.000001724137931e-10	1.200000057894737e+00	5.016043290373799e-01	9.932764088062353e-02	
6.000001724137931e-10	1.300000063157895e+00	4.817172994308541e-01	9.336973493971887e-02	
6.000001724137931e-10	1.400000068421052e+00	4.976596280853146e-01	1.044253784763867e-01	
6.000001724137931e-10	1.500000073684210e+00	5.023420309246995e-01	7.331707551937888e-02	
6.000001724137931e-10	1.600000078947368e+00	4.822310922785610e-01	1.169697375671723e-01	
6.000001724137931e-10	1.700000084210526e+00	5.089479647980958e-01	1.137575620619340e-01	
6.000001724137931e-10	1.800000089473684e+00	4.719876108757101e-01	1.396158611371414e-01	
6.000001724137931e-10	1.900000094736842e+00	4.379309767516898e-01	1.144968580622685e-01	
6.000001724137931e-10	2.000000100000000e+00	4.343500333026073e-01	1.204006056073515e-01	
7.000002068965517e-10	1.000000000000000e-01	9.218580670909203e-02	4.431644527403419e-02	
7.000002068965517e-10	2.000000052631579e-01	1.387885537101687e-01	6.674428046027381e-02	
7.000002068965517e-10	3.000000105263158e-01	1.825578591274976e-01	8.258010635600956e-02	
7.000002068965517e-10	4.000000157894736e-01	2.235095238684187e-01	8.399754100727622e-02	
7.000002068965517e-10	5.000000210526315e-01	1.933617582668742e-01	9.562324685169428e-02	
7.000002068965517e-10	6.000000263157893e-01	2.451759281335884e-01	7.468358911409646e-02	
7.000002068965517e-10	7.000000315789472e-01	2.991963091745060e-01	7.951707459994145e-02	
7.000002068965517e-10	8.000000368421051e-01	3.522721813488912e-01	6.656074654692955e-02	
7.000002068965517e-10	9.000000421052630e-01	3.973225097220524e-01	8.192473910346854e-02	
7.000002068965517e-10	1.000000047368421e+00	4.562448822462706e-01	5.784290485410515e-02	
7.000002068965517e-10	1.100000052631579e+00	4.921207892282591e-01	7.410989036561505e-02	
7.000002068965517e-10	1.200000057894737e+00	4.960995985220897e-01	1.007631200921743e-01	
7.000002068965517e-10	1.300000063157895e+00	4.981447908749885e-01	8.754575339629270e-02	
7.000002068965517e-10	1.400000068421052e+00	4.982680020165276e-01	1.031751876858449e-01	
7.000002068965517e-10	1.500000073684210e+00	4.909863764217128e-01	1.241276456892423e-01	
7.000002068965517e-10	1.600000078947368e+00	4.448961454823633e-01	1.351636803863402e-01	
7.000002068965517e-10	1.700000084210526e+00	4.299487364481664e-01	1.398567465802287e-01	
7.000002068965517e-10	1.800000089473684e+00	4.109488822322296e-01	1.105038552163854e-01	
7.000002068965517e-10	1.900000094736842e+00	4.532896256682403e-01	1.490742321691830e-01	
7.000002068965517e-10	2.000000100000000e+00	4.762424744927497e-01	1.449012492096151e-01	
8.000002413793102e-10	1.000000000000000e-01	8.721687739666929e-02	4.967731495419474e-02	
8.000002413793102e-10	2.000000052631579e-01	1.351141007874233e-01	6.600847002835476e-02	
8.000002413793102e-10	3.000000105263158e-01	2.003435562993360e-01	1.049881877049364e-01	
8.000002413793102e-10	4.000000157894736e-01	2.316098106986918e-01	8.130512465169842e-02	
8.000002413793102e-10	5.000000210526315e-01	2.030842566604886e-01	9.904214285180357e-02	
8.000002413793102e-10	6.000000263157893e-01	2.226063201770151e-01	7.590251638162525e-02	
8.000002413793102e-10	7.000000315789472e-01	2.818818279323192e-01	7.310135137928456e-02	
8.000002413793102e-10	8.000000368421051e-01	3.276297244271767e-01	5.288578487836643e-02	
8.000002413793102e-10	9.000000421052630e-01	3.934746554429469e-01	8.129007897992785e-02	
8.000002413793102e-10	1.000000047368421e+00	4.089557947097988e-01	7.657470252871977e-02	
8.000002413793102e-10	1.100000052631579e+00	4.390699799764194e-01	1.168956477953183e-01	
8.000002413793102e-10	1.200000057894737e+00	4.909699001061877e-01	9.208491716782850e-02	
8.000002413793102e-10	1.300000063157895e+00	4.798565024276739e-01	1.358876511122696e-01	
8.000002413793102e-10	1.400000068421052e+00	4.554121401008901e-01	1.467197368292242e-01	
8.000002413793102e-10	1.500000073684210e+00	5.023466940465848e-01	1.351968057188850e-01	
8.000002413793102e-10	1.600000078947368e+00	4.844512599867042e-01	1.056516819290434e-01	
8.000002413793102e-10	1.700000084210526e+00	4.668502871754756e-01	1.547290721183316e-01	
8.000002413793102e-10	1.800000089473684e+00	4.602636481953975e-01	1.318082694795774e-01	
8.000002413793102e-10	1.900000094736842e+00	4.827248228636465e-01	1.766310614058394e-01	
8.000002413793102e-10	2.000000100000000e+00	4.484370940049458e-01	1.425328348785194e-01	
9.000002758620689e-10	1.000000000000000e-01	5.209446624526707e-02	3.982845070566566e-02	
9.000002758620689e-10	2.000000052631579e-01	1.192339936835907e-01	5.206590681721916e-02	
9.000002758620689e-10	3.000000105263158e-01	2.027780207964319e-01	7.688149602810661e-02	
9.000002758620689e-10	4.000000157894736e-01	2.076069151634646e-01	7.184775482492249e-02	
9.000002758620689e-10	5.000000210526315e-01	1.939990050414026e-01	7.725032725891533e-02	
9.000002758620689e-10	6.000000263157893e-01	2.173579450028736e-01	9.127910005917003e-02	
9.000002758620689e-10	7.000000315789472e-01	2.879556808479850e-01	7.604214272435526e-02	
9.000002758620689e-10	8.000000368421051e-01	3.138701227486527e-01	4.581156857873198e-02	
9.000002758620689e-10	9.000000421052630e-01	3.582135918688702e-01	6.873501864654767e-02	
9.000002758620689e-10	1.000000047368421e+00	3.757163469272406e-01	8.611539892603040e-02	
9.000002758620689e-10	1.100000052631579e+00	4.464053022787768e-01	7.136645335792018e-02	
9.000002758620689e-10	1.200000057894737e+00	4.326796887138986e-01	9.961172438407610e-02	
9.000002758620689e-10	1.300000063157895e+00	4.896500315004259e-01	9.203982927424309e-02	
9.000002758620689e-10	1.400000068421052e+00	4.315101709729411e-01	1.271771582260380e-01	
9.000002758620689e-10	1.500000073684210e+00	4.352948821258747e-01	1.396043678887331e-01	
9.000002758620689e-10	1.600000078947368e+00	4.647589710037048e-01	1.477480822333316e-01	
9.000002758620689e-10	1.700000084210526e+00	4.446132608296218e-01	1.680220329405560e-01	
9.000002758620689e-10	1.800000089473684e+00	4.518130181660583e-01	1.540464482774986e-01	
9.000002758620689e-10	1.900000094736842e+00	4.185401220582493e-01	1.263420877831892e-01	
9.000002758620689e-10	2.000000100000000e+00	4.012982376718634e-01	1.385124219887498e-01	
1.000000310344828e-09	1.000000000000000e-01	2.329047675499329e-02	2.726798721111501e-02	
1.000000310344828e-09	2.000000052631579e-01	1.004170927776259e-01	7.258785938462112e-02	
1.000000310344828e-09	3.000000105263158e-01	2.011334920191876e-01	5.917058116091591e-02	
1.000000310344828e-09	4.000000157894736e-01	2.145515270597325e-01	7.242662796970063e-02	
1.000000310344828e-09	5.000000210526315e-01	1.910640352125443e-01	7.665533322324615e-02	
1.000000310344828e-09	6.000000263157893e-01	1.987179814639309e-01	6.378426254709814e-02	
1.000000310344828e-09	7.000000315789472e-01	2.458465448119539e-01	7.342993076330669e-02	
1.000000310344828e-09	8.000000368421051e-01	3.354026673295242e-01	6.818092516290525e-02	
1.000000310344828e-09	9.000000421052630e-01	3.729020554622902e-01	5.417965398969023e-02	
1.000000310344828e-09	1.000000047368421e+00	3.838934952711395e-01	5.948405727430752e-02	
1.000000310344828e-09	1.100000052631579e+00	4.203007265728694e-01	8.749673791698456e-02	
1.000000310344828e-09	1.200000057894737e+00	4.417990613693147e-01	1.045493523393107e-01	
1.000000310344828e-09	1.300000063157895e+00	5.159340822541695e-01	1.191053004780748e-01	
1.000000310344828e-09	1.400000068421052e+00	4.481375858799180e-01	1.106143530638332e-01	
1.000000310344828e-09	1.500000073684210e+00	4.849564278638098e-01	1.401614658571220e-01	
1.000000310344828e-09	1.600000078947368e+00	4.539292063547446e-01	1.326675043099373e-01	
1.000000310344828e-09	1.700000084210526e+00	4.456361475073103e-01	1.479492704310248e-01	
1.000000310344828e-09	1.800000089473684e+00	4.335863786251343e-01	1.676120192981259e-01	
1.000000310344828e-09	1.900000094736842e+00	4.844547860408104e-01	1.635685150147018e-01	
1.000000310344828e-09	2.000000100000000e+00	4.146935084724190e-01	1.363386191228752e-01	
1.100000344827586e-09	1.000000000000000e-01	2.023128184470260e-02	2.565743489955067e-02	
1.100000344827586e-09	2.000000052631579e-01	6.240842900533879e-02	4.633276558786097e-02	
1.100000344827586e-09	3.000000105263158e-01	1.730773623113193e-01	4.514665011048432e-02	
1.100000344827586e-09	4.000000157894736e-01	2.082237404163957e-01	8.317387449712073e-02	
1.100000344827586e-09	5.000000210526315e-01	1.650326551089322e-01	6.317945010649635e-02	
1.100000344827586e-09	6.000000263157893e-01	1.960878553053533e-01	7.200847031724739e-02	
1.100000344827586e-09	7.000000315789472e-01	2.079728337193605e-01	6.580977157396441e-02	
1.100000344827586e-09	8.000000368421051e-01	2.860686961313008e-01	7.334842798978142e-02	
1.100000344827586e-09	9.000000421052630e-01	3.415066356346781e-01	6.100936803704290e-02	
1.100000344827586e-09	1.000000047368421e+00	3.990887407026772e-01	5.611447817681381e-02	
1.100000344827586e-09	1.100000052631579e+00	4.543372675243850e-01	6.581387723009410e-02	
1.100000344827586e-09	1.200000057894737e+00	4.459723724489197e-01	7.035916262273099e-02	
1.100000344827586e-09	1.300000063157895e+00	4.716326234677883e-01	1.081365845571273e-01	
1.100000344827586e-09	1.400000068421052e+00	4.994454746823637e-01	1.307486163926563e-01	
1.100000344827586e-09	1.500000073684210e+00	4.372007525295953e-01	1.550128600827478e-01	
1.100000344827586e-09	1.600000078947368e+00	4.252180542028837e-01	1.660764555470085e-01	
1.100000344827586e-09	1.700000084210526e+00	4.535001096600939e-01	1.693425949761604e-01	
1.100000344827586e-09	1.800000089473684e+00	4.849892010074980e-01	1.360407757106492e-01	
1.100000344827586e-09	1.900000094736842e+00	4.658483738632070e-01	1.374354274722697e-01	
1.100000344827586e-09	2.000000100000000e+00	4.186260758223105e-01	1.197046938502008e-01	
1.200000379310345e-09	1.000000000000000e-01	1.366240401720900e-02	1.658055626515437e-02	
1.200000379310345e-09	2.000000052631579e-01	3.859924963677434e-02	4.085544423678922e-02	
1.200000379310345e-09	3.000000105263158e-01	1.215731235413924e-01	6.353023424582474e-02	
1.200000379310345e-09	4.000000157894736e-01	1.740469062358032e-01	7.127214325145315e-02	
1.200000379310345e-09	5.000000210526315e-01	1.665063211847604e-01	6.270831609116458e-02	
1.200000379310345e-09	6.000000263157893e-01	1.932927689404773e-01	5.664289132811851e-02	
1.200000379310345e-09	7.000000315789472e-01	2.311795230946479e-01	6.874463811572142e-02	
1.200000379310345e-09	8.000000368421051e-01	2.904500082327056e-01	5.382903060277478e-02	
1.200000379310345e-09	9.000000421052630e-01	3.326095623250966e-01	5.953135444303962e-02	
1.200000379310345e-09	1.000000047368421e+00	3.847740051231338e-01	6.560173969706072e-02	
1.200000379310345e-09	1.100000052631579e+00	4.356815884805038e-01	8.407442984039572e-02	
1.200000379310345e-09	1.200000057894737e+00	4.142088004678591e-01	8.028385866688652e-02	
1.200000379310345e-09	1.300000063157895e+00	4.718727673001431e-01	1.306491701088967e-01	
1.200000379310345e-09	1.400000068421052e+00	4.877811899089446e-01	1.344192792771024e-01	
1.200000379310345e-09	1.500000073684210e+00	5.026326335957254e-01	1.654274924198409e-01	
1.200000379310345e-09	1.600000078947368e+00	4.896198580672347e-01	1.621076177280169e-01	
1.200000379310345e-09	1.700000084210526e+00	4.028384005794086e-01	1.422201901670733e-01	
1.200000379310345e-09	1.800000089473684e+00	4.425938519833933e-01	1.390537138716736e-01	
1.200000379310345e-09	1.900000094736842e+00	4.499614280271912e-01	1.348612872332270e-01	
1.200000379310345e-09	2.000000100000000e+00	4.624755530364698e-01	1.713108268209006e-01	
1.300000413793104e-09	1.000000000000000e-01	1.148133528469772e-02	9.720392891475910e-03	
1.300000413793104e-09	2.000000052631579e-01	2.123008423605329e-02	2.351503787063861e-02	
1.300000413793104e-09	3.000000105263158e-01	1.096725718668018e-01	9.836031296675930e-02	
1.300000413793104e-09	4.000000157894736e-01	1.699110307652728e-01	7.331722302916997e-02	
1.300000413793104e-09	5.000000210526315e-01	1.505637712662670e-01	6.958766902188859e-02	
1.300000413793104e-09	6.000000263157893e-01	1.814324692306604e-01	5.325441633486621e-02	
1.300000413793104e-09	7.000000315789472e-01	2.009314164204160e-01	7.591775222932808e-02	
1.300000413793104e-09	8.000000368421051e-01	2.658462340381312e-01	6.808513832652835e-02	
1.300000413793104e-09	9.000000421052630e-01	3.270839238386892e-01	6.625856666506286e-02	
1.300000413793104e-09	1.000000047368421e+00	3.591956566563780e-01	7.124020970815947e-02	
1.300000413793104e-09	1.100000052631579e+00	4.038031228619812e-01	7.584643136753927e-02	
1.300000413793104e-09	1.200000057894737e+00	4.069808876577487e-01	9.037237826312956e-02	
1.300000413793104e-09	1.300000063157895e+00	4.180189207156283e-01	1.217486109004917e-01	
1.300000413793104e-09	1.400000068421052e+00	4.708759172441249e-01	1.439432495923835e-01	
1.300000413793104e-09	1.500000073684210e+00	4.529853404648553e-01	1.495493717625203e-01	
1.300000413793104e-09	1.600000078947368e+00	4.623787927938996e-01	1.397697263271127e-01	
1.300000413793104e-09	1.700000084210526e+00	4.354954926998082e-01	1.654241040717437e-01	
1.300000413793104e-09	1.800000089473684e+00	4.505020307498240e-01	1.702050959871829e-01	
1.300000413793104e-09	1.900000094736842e+00	4.398060904762976e-01	1.356530006500488e-01	
1.300000413793104e-09	2.000000100000000e+00	4.338758215303805e-01	1.357663554129977e-01	
1.400000448275862e-09	1.000000000000000e-01	1.134727162301633e-02	8.202724048209025e-03	
1.400000448275862e-09	2.000000052631579e-01	1.603777132548327e-02	1.987353647243647e-02	
1.400000448275862e-09	3.000000105263158e-01	8.840717788956950e-02	7.560887766574682e-02	
1.400000448275862e-09	4.000000157894736e-01	1.502783170190838e-01	6.766342525903110e-02	
1.400000448275862e-09	5.000000210526315e-01	1.607831965542257e-01	6.298991490918165e-02	
1.400000448275862e-09	6.000000263157893e-01	1.780184520439765e-01	5.857499834313071e-02	
1.400000448275862e-09	7.000000315789472e-01	2.095124580566793e-01	6.602434878300648e-02	
1.400000448275862e-09	8.000000368421051e-01	2.616264675400881e-01	4.671020543446148e-02	
1.400000448275862e-09	9.000000421052630e-01	2.917976494189750e-01	5.823737427322948e-02	
1.400000448275862e-09	1.000000047368421e+00	3.621335811793138e-01	5.945204082519986e-02	
1.400000448275862e-09	1.100000052631579e+00	3.955971301912974e-01	8.928650993194516e-02	
1.400000448275862e-09	1.200000057894737e+00	4.519515101839513e-01	1.037928458560659e-01	
1.400000448275862e-09	1.300000063157895e+00	4.234179812620472e-01	1.176451105584379e-01	
1.400000448275862e-09	1.400000068421052e+00	4.712934945624641e-01	1.174218367027146e-01	
1.400000448275862e-09	1.500000073684210e+00	4.557474458577144e-01	1.546830010100620e-01	
1.400000448275862e-09	1.600000078947368e+00	4.713453207937593e-01	1.888653490649481e-01	
1.400000448275862e-09	1.700000084210526e+00	4.481574423394659e-01	1.772762712744259e-01	
1.400000448275862e-09	1.800000089473684e+00	3.832996501501744e-01	1.560384103396022e-01	
1.400000448275862e-09	1.900000094736842e+00	4.009176960362327e-01	1.452443060800150e-01	
1.400000448275862e-09	2.000000100000000e+00	4.299150538258456e-01	1.382238959195731e-01	
1.500000482758621e-09	1.000000000000000e-01	1.544578913024196e-02	7.351744654741691e-03	
1.500000482758621e-09	2.000000052631579e-01	1.393639680362686e-02	1.872653616561787e-02	
1.500000482758621e-09	3.000000105263158e-01	6.366073713792661e-02	5.968329299881157e-02	
1.500000482758621e-09	4.000000157894736e-01	1.458785737356728e-01	7.247792290724597e-02	
1.500000482758621e-09	5.000000210526315e-01	1.516082849763555e-01	4.293950317144529e-02	
1.500000482758621e-09	6.000000263157893e-01	1.629679920292215e-01	5.811269664072334e-02	
1.500000482758621e-09	7.000000315789472e-01	1.812739959155576e-01	5.099222525763215e-02	
1.500000482758621e-09	8.000000368421051e-01	2.367566909443165e-01	7.770910679626221e-02	
1.500000482758621e-09	9.000000421052630e-01	2.827198173811124e-01	5.580158909049262e-02	
1.500000482758621e-09	1.000000047368421e+00	3.279365624675027e-01	6.972014943935728e-02	
1.500000482758621e-09	1.100000052631579e+00	3.707788061060765e-01	1.027539806986112e-01	
1.500000482758621e-09	1.200000057894737e+00	4.438516652087137e-01	8.436422585109718e-02	
1.500000482758621e-09	1.300000063157895e+00	4.333593787112882e-01	9.177312800462627e-02	
1.500000482758621e-09	1.400000068421052e+00	4.835556165086653e-01	1.412514192868324e-01	
1.500000482758621e-09	1.500000073684210e+00	4.383271678688889e-01	1.420426373375129e-01	
1.500000482758621e-09	1.600000078947368e+00	4.644446097439575e-01	1.632196637021137e-01	
1.500000482758621e-09	1.700000084210526e+00	4.556372023290553e-01	1.826834102796865e-01	
1.500000482758621e-09	1.800000089473684e+00	4.837226942388968e-01	1.629880473665092e-01	
1.500000482758621e-09	1.900000094736842e+00	4.268809017588253e-01	1.373257687007218e-01	
1.500000482758621e-09	2.000000100000000e+00	4.722488661474941e-01	1.543141832724981e-01	
1.600000517241379e-09	1.000000000000000e-01	1.302587260193182e-02	9.870761284826378e-03	
1.600000517241379e-09	2.000000052631579e-01	1.358474626762550e-02	8.087023178929060e-03	
1.600000517241379e-09	3.000000105263158e-01	5.248033371600282e-02	5.460278398693066e-02	
1.600000517241379e-09	4.000000157894736e-01	1.237823692098419e-01	7.138399544096494e-02	
1.600000517241379e-09	5.000000210526315e-01	1.326871754998709e-01	5.670745190475995e-02	
1.600000517241379e-09	6.000000263157893e-01	1.506086539410006e-01	4.293459628591545e-02	
1.600000517241379e-09	7.000000315789472e-01	1.853719760681174e-01	6.094238735617274e-02	
1.600000517241379e-09	8.000000368421051e-01	2.132546807280684e-01	7.800864885269537e-02	
1.600000517241379e-09	9.000000421052630e-01	2.722747684235490e-01	7.989212981147130e-02	
1.600000517241379e-09	1.000000047368421e+00	3.176070464713583e-01	7.372104812488900e-02	
1.600000517241379e-09	1.100000052631579e+00	3.754821891020769e-01	8.230345494552332e-02	
1.600000517241379e-09	1.200000057894737e+00	4.124743550285921e-01	1.017503237819675e-01	
1.600000517241379e-09	1.300000063157895e+00	4.447567649652484e-01	1.069738857494476e-01	
1.600000517241379e-09	1.400000068421052e+00	4.607843522049473e-01	1.251544030599888e-01	
1.600000517241379e-09	1.500000073684210e+00	4.390755805096629e-01	1.640170649475599e-01	
1.600000517241379e-09	1.600000078947368e+00	4.262164499862317e-01	1.273194872343881e-01	
1.600000517241379e-09	1.700000084210526e+00	4.283476246732152e-01	1.461346676620213e-01	
1.600000517241379e-09	1.800000089473684e+00	4.250426151943636e-01	1.216141060840070e-01	
1.600000517241379e-09	1.900000094736842e+00	4.707369910292163e-01	1.259539716011917e-01	
1.600000517241379e-09	2.000000100000000e+00	4.227750820207886e-01	1.250401669262289e-01	
1.700000551724138e-09	1.000000000000000e-01	1.156319574829674e-02	7.805349115198468e-03	
1.700000551724138e-09	2.000000052631579e-01	9.372884557876739e-03	6.222958310217045e-03	
1.700000551724138e-09	3.000000105263158e-01	1.644188109728903e-02	2.094903882105188e-02	
1.700000551724138e-09	4.000000157894736e-01	1.037348515594505e-01	6.377256341139045e-02	
1.700000551724138e-09	5.000000210526315e-01	1.144632016793852e-01	4.361846330154849e-02	
1.700000551724138e-09	6.000000263157893e-01	1.659574274220331e-01	5.625022893372770e-02	
1.700000551724138e-09	7.000000315789472e-01	1.638737348058149e-01	4.767450303751076e-02	
1.700000551724138e-09	8.000000368421051e-01	1.959396212555345e-01	5.574984934699689e-02	
1.700000551724138e-09	9.000000421052630e-01	2.456378927861892e-01	8.503574224595858e-02	
1.700000551724138e-09	1.000000047368421e+00	2.937760359325097e-01	6.010122109646199e-02	
1.700000551724138e-09	1.100000052631579e+00	3.288707689517554e-01	8.143330139944646e-02	
1.700000551724138e-09	1.200000057894737e+00	4.086147586774087e-01	9.141912849346977e-02	
1.700000551724138e-09	1.300000063157895e+00	4.765524538073504e-01	1.112728150654506e-01	
1.700000551724138e-09	1.400000068421052e+00	4.519737079856124e-01	1.092046556452603e-01	
1.700000551724138e-09	1.500000073684210e+00	4.570798279107072e-01	1.619144189704658e-01	
1.700000551724138e-09	1.600000078947368e+00	4.600078738448463e-01	1.604428899522572e-01	
1.700000551724138e-09	1.700000084210526e+00	4.581279543783090e-01	1.572522484006723e-01	
1.700000551724138e-09	1.800000089473684e+00	4.113765779598625e-01	1.442124491327919e-01	
1.700000551724138e-09	1.900000094736842e+00	4.541027080975143e-01	1.550973135917441e-01	
1.700000551724138e-09	2.000000100000000e+00	4.301250782545895e-01	1.531582619175532e-01	
1.800000586206896e-09	1.000000000000000e-01	8.622113641756423e-03	7.740360386314702e-03	
1.800000586206896e-09	2.000000052631579e-01	1.029850431916447e-02	7.188994508963352e-03	
1.800000586206896e-09	3.000000105263158e-01	1.312006430080130e-02	1.295569475029543e-02	
1.800000586206896e-09	4.000000157894736e-01	1.008669521000616e-01	5.588413791145044e-02	
1.800000586206896e-09	5.000000210526315e-01	1.142520654103109e-01	5.259760928464102e-02	
1.800000586206896e-09	6.000000263157893e-01	1.357606617648651e-01	6.133855001922019e-02	
1.800000586206896e-09	7.000000315789472e-01	1.670955830002535e-01	5.200118149502381e-02	
1.800000586206896e-09	8.000000368421051e-01	1.956237178547024e-01	5.770064110240396e-02	
1.800000586206896e-09	9.000000421052630e-01	2.352707410102936e-01	6.978634679520063e-02	
1.800000586206896e-09	1.000000047368421e+00	3.068352380905403e-01	8.418066434419361e-02	
1.800000586206896e-09	1.100000052631579e+00	3.501289493043779e-01	7.033812739382921e-02	
1.800000586206896e-09	1.200000057894737e+00	4.500298095184192e-01	7.234405230054783e-02	
1.800000586206896e-09	1.300000063157895e+00	4.409605728828917e-01	1.100521877170809e-01	
1.800000586206896e-09	1.400000068421052e+00	4.374643711815132e-01	1.345122641903017e-01	
1.800000586206896e-09	1.500000073684210e+00	4.397577565927843e-01	1.265698927913528e-01	
1.800000586206896e-09	1.600000078947368e+00	4.451837590650235e-01	1.610980758212361e-01	
1.800000586206896e-09	1.700000084210526e+00	4.733524376190237e-01	1.308987287759396e-01	
1.800000586206896e-09	1.800000089473684e+00	4.389596121146279e-01	1.611604251586677e-01	
1.800000586206896e-09	1.900000094736842e+00	4.299023849796134e-01	1.538539155904956e-01	
1.800000586206896e-09	2.000000100000000e+00	4.235042884013129e-01	1.338155022162401e-01	
1.900000620689655e-09	1.000000000000000e-01	5.720703233252071e-03	7.041838644146793e-03	
1.900000620689655e-09	2.000000052631579e-01	1.179748527589356e-02	6.973342216753949e-03	
1.900000620689655e-09	3.000000105263158e-01	1.243316580578715e-02	8.980051410898866e-03	
1.900000620689655e-09	4.000000157894736e-01	7.559847229766341e-02	5.200540933985744e-02	
1.900000620689655e-09	5.000000210526315e-01	1.084609261687159e-01	5.102284860450935e-02	
1.900000620689655e-09	6.000000263157893e-01	1.217194976024218e-01	4.698591084683629e-02	
1.900000620689655e-09	7.000000315789472e-01	1.661220380580380e-01	4.888987049375523e-02	
1.900000620689655e-09	8.000000368421051e-01	1.833490331793120e-01	5.557742953448785e-02	
1.900000620689655e-09	9.000000421052630e-01	2.282239827982221e-01	6.349290893467492e-02	
1.900000620689655e-09	1.000000047368421e+00	2.956628635234468e-01	6.315254457091048e-02	
1.900000620689655e-09	1.100000052631579e+00	3.368892985946660e-01	6.442957290293341e-02	
1.900000620689655e-09	1.200000057894737e+00	3.839701861821134e-01	8.213174417119642e-02	
1.900000620689655e-09	1.300000063157895e+00	4.852342026683757e-01	7.048223182240455e-02	
1.900000620689655e-09	1.400000068421052e+00	4.606691440162106e-01	1.376334292037093e-01	
1.900000620689655e-09	1.500000073684210e+00	4.651523028941876e-01	1.122014998106004e-01	
1.900000620689655e-09	1.600000078947368e+00	4.616898605644288e-01	1.492432698020495e-01	
1.900000620689655e-09	1.700000084210526e+00	4.479906614394513e-01	1.385859587041215e-01	
2.000000655172414e-09	1.000000000000000e-01	0.000000000000000e+00	0.000000000000000e+00	
1.900000620689655e-09	1.800000089473684e+00	4.187564292218762e-01	1.422416632235911e-01	
1.900000620689655e-09	1.900000094736842e+00	4.275110483516922e-01	1.621246887277535e-01	
1.900000620689655e-09	2.000000100000000e+00	4.302618046835125e-01	1.375367213584574e-01	
2.000000655172414e-09	2.000000052631579e-01	1.197726356555911e-02	1.127837603307345e-02	
2.000000655172414e-09	3.000000105263158e-01	1.519174500934102e-02	9.434186721077344e-03	
2.000000655172414e-09	4.000000157894736e-01	6.633236916259454e-02	5.825792791172309e-02	
2.000000655172414e-09	5.000000210526315e-01	8.081997021159876e-02	5.347781143028168e-02	
2.000000655172414e-09	6.000000263157893e-01	1.111574333823333e-01	5.609658120153575e-02	
2.000000655172414e-09	7.000000315789472e-01	1.479018550791053e-01	5.733104627684437e-02	
2.000000655172414e-09	8.000000368421051e-01	1.846623068894864e-01	5.259380115643086e-02	
2.000000655172414e-09	9.000000421052630e-01	2.248147015706618e-01	6.592603483263365e-02	
2.000000655172414e-09	1.000000047368421e+00	2.561607661311768e-01	6.381411471638612e-02	
2.000000655172414e-09	1.100000052631579e+00	3.186454559161123e-01	5.950971578219619e-02	
2.000000655172414e-09	1.200000057894737e+00	3.803249695668304e-01	8.669048484148166e-02	
2.000000655172414e-09	1.300000063157895e+00	4.250245469159187e-01	1.047094797923666e-01	
2.000000655172414e-09	1.400000068421052e+00	4.197539833266229e-01	1.535598833795860e-01	
2.000000655172414e-09	1.500000073684210e+00	4.382105755046487e-01	1.593632081488667e-01	
2.000000655172414e-09	1.600000078947368e+00	4.339742981093263e-01	1.665677621747071e-01	
2.100000689655173e-09	1.000000000000000e-01	0.000000000000000e+00	0.000000000000000e+00	
2.000000655172414e-09	1.700000084210526e+00	4.406649838858344e-01	1.610901484061575e-01	
2.000000655172414e-09	1.800000089473684e+00	3.698491355753194e-01	1.400317320451623e-01	
2.000000655172414e-09	1.900000094736842e+00	3.904096645367995e-01	1.406184538091690e-01	
2.000000655172414e-09	2.000000100000000e+00	4.012655373731305e-01	1.424343216955384e-01	
2.100000689655173e-09	2.000000052631579e-01	1.063446760358242e-02	5.896370503383537e-03	
2.100000689655173e-09	3.000000105263158e-01	1.408401593397210e-02	8.991316341040655e-03	
2.100000689655173e-09	4.000000157894736e-01	5.666796839099421e-02	4.594133537453443e-02	
2.100000689655173e-09	5.000000210526315e-01	8.176331819314933e-02	4.319963040686981e-02	
2.100000689655173e-09	6.000000263157893e-01	1.188507820730546e-01	5.027467679621184e-02	
2.100000689655173e-09	7.000000315789472e-01	1.365609014868198e-01	5.782803226001271e-02	
2.100000689655173e-09	8.000000368421051e-01	1.773538507449861e-01	5.751729845161771e-02	
2.100000689655173e-09	9.000000421052630e-01	2.128918746775483e-01	5.938167779190127e-02	
2.100000689655173e-09	1.000000047368421e+00	2.601153811296330e-01	7.672882290065922e-02	
2.100000689655173e-09	1.100000052631579e+00	3.369090301531699e-01	9.186690943652231e-02	
2.100000689655173e-09	1.200000057894737e+00	3.979982552093526e-01	9.875921202479566e-02	
2.100000689655173e-09	1.300000063157895e+00	4.025170877961310e-01	1.222663524048878e-01	
2.100000689655173e-09	1.400000068421052e+00	4.199430147010689e-01	1.308731302385156e-01	
2.200000724137931e-09	1.000000000000000e-01	0.000000000000000e+00	0.000000000000000e+00	
2.100000689655173e-09	1.700000084210526e+00	4.523325772848340e-01	1.412208490220114e-01	
2.100000689655173e-09	1.600000078947368e+00	4.196105831184948e-01	1.452431476713923e-01	
2.100000689655173e-09	2.000000100000000e+00	4.400060387554262e-01	1.481705738131181e-01	
2.100000689655173e-09	1.900000094736842e+00	3.811310305242953e-01	1.591190686535570e-01	
2.100000689655173e-09	1.800000089473684e+00	4.329355560540048e-01	1.532410060850830e-01	
2.100000689655173e-09	1.500000073684210e+00	4.450399512229073e-01	1.680446959537437e-01	
2.200000724137931e-09	2.000000052631579e-01	1.105653061019155e-02	9.459553647285629e-03	
2.200000724137931e-09	5.000000210526315e-01	7.218115362348596e-02	4.823839625342424e-02	
2.200000724137931e-09	4.000000157894736e-01	5.556236247270639e-02	4.026756171936382e-02	
2.200000724137931e-09	3.000000105263158e-01	8.802684973016247e-03	6.690501234349324e-03	
2.200000724137931e-09	6.000000263157893e-01	1.001751885290800e-01	4.306490811220853e-02	
2.200000724137931e-09	7.000000315789472e-01	1.413764887146408e-01	4.492693811169703e-02	
2.200000724137931e-09	8.000000368421051e-01	1.731880985105764e-01	5.187799037304342e-02	
2.200000724137931e-09	9.000000421052630e-01	2.159876309444519e-01	6.895410521794816e-02	
2.200000724137931e-09	1.000000047368421e+00	2.538142153839816e-01	7.272348454962503e-02	
2.200000724137931e-09	1.100000052631579e+00	3.115547586507862e-01	1.028057717007190e-01	
2.200000724137931e-09	1.200000057894737e+00	3.495154632082105e-01	8.869837877613837e-02	
2.200000724137931e-09	1.300000063157895e+00	4.184723659015048e-01	1.408721601322832e-01	
2.200000724137931e-09	1.400000068421052e+00	4.565541239187875e-01	1.445694965202557e-01	
2.300000758620690e-09	1.000000000000000e-01	0.000000000000000e+00	0.000000000000000e+00	
2.200000724137931e-09	1.500000073684210e+00	4.196227282672417e-01	1.305959321518344e-01	
2.200000724137931e-09	1.600000078947368e+00	4.390180073967803e-01	1.857433428643389e-01	
2.200000724137931e-09	1.700000084210526e+00	4.324604028484343e-01	1.631236057108235e-01	
2.200000724137931e-09	1.800000089473684e+00	3.979108677516311e-01	1.682066028134990e-01	
2.200000724137931e-09	1.900000094736842e+00	4.121066360490496e-01	1.648357894177257e-01	
2.200000724137931e-09	2.000000100000000e+00	4.131693915992853e-01	1.471718687800407e-01	
2.300000758620690e-09	2.000000052631579e-01	2.426285930082830e-03	5.508804799005698e-03	
2.300000758620690e-09	3.000000105263158e-01	1.006126445719951e-02	7.431638156711849e-03	
2.300000758620690e-09	4.000000157894736e-01	5.282561474991278e-02	4.853984570747111e-02	
2.300000758620690e-09	5.000000210526315e-01	5.102337450907205e-02	2.663593545203332e-02	
2.300000758620690e-09	6.000000263157893e-01	8.982381317062635e-02	3.713676983218171e-02	
2.300000758620690e-09	7.000000315789472e-01	1.261577484612423e-01	5.241638682774122e-02	
2.300000758620690e-09	8.000000368421051e-01	1.591862986780284e-01	4.726642167459724e-02	
2.300000758620690e-09	9.000000421052630e-01	1.792456644348623e-01	7.294861991144365e-02	
2.300000758620690e-09	1.000000047368421e+00	2.147774885616032e-01	7.772223529281176e-02	
2.300000758620690e-09	1.100000052631579e+00	2.959063246192455e-01	7.149430523630972e-02	
2.300000758620690e-09	1.200000057894737e+00	3.470205132103670e-01	1.014656555360098e-01	
2.300000758620690e-09	1.300000063157895e+00	4.182140890119331e-01	1.212457151897566e-01	
2.300000758620690e-09	1.400000068421052e+00	3.893391192185673e-01	1.643520488215430e-01	
2.400000793103448e-09	1.000000000000000e-01	0.000000000000000e+00	0.000000000000000e+00	
2.300000758620690e-09	1.500000073684210e+00	4.408848353796793e-01	1.529657975193421e-01	
2.300000758620690e-09	1.600000078947368e+00	4.474160169421497e-01	1.372928559597688e-01	
2.300000758620690e-09	1.700000084210526e+00	4.338735122122527e-01	1.921425400794322e-01	
2.300000758620690e-09	1.800000089473684e+00	4.145572245658163e-01	1.389168411020015e-01	
2.300000758620690e-09	1.900000094736842e+00	4.158203639564745e-01	1.696989106210250e-01	
2.400000793103448e-09	2.000000052631579e-01	0.000000000000000e+00	0.000000000000000e+00	
2.300000758620690e-09	2.000000100000000e+00	4.031112517696426e-01	1.447712293090219e-01	
2.400000793103448e-09	3.000000105263158e-01	1.133849900747080e-02	6.984959288084612e-03	
2.400000793103448e-09	4.000000157894736e-01	2.179134007503654e-02	3.018222725688961e-02	
2.400000793103448e-09	5.000000210526315e-01	6.846420488820906e-02	3.711057941338393e-02	
2.400000793103448e-09	6.000000263157893e-01	8.960974992772955e-02	4.250784168617065e-02	
2.400000793103448e-09	7.000000315789472e-01	1.177778127351999e-01	5.517279584278519e-02	
2.400000793103448e-09	8.000000368421051e-01	1.645097841785527e-01	4.492095342338253e-02	
2.400000793103448e-09	9.000000421052630e-01	1.922462117941982e-01	6.242046429641628e-02	
2.400000793103448e-09	1.000000047368421e+00	2.490096611894795e-01	9.172607780630086e-02	
2.400000793103448e-09	1.100000052631579e+00	2.858663318078075e-01	7.690877168223938e-02	
2.400000793103448e-09	1.200000057894737e+00	3.587914008448503e-01	6.276286932216357e-02	
2.400000793103448e-09	1.300000063157895e+00	4.166832981117855e-01	1.192746971746279e-01	
2.400000793103448e-09	1.400000068421052e+00	4.144066107623781e-01	1.568159251290379e-01	
2.500000827586207e-09	1.000000000000000e-01	0.000000000000000e+00	0.000000000000000e+00	
2.500000827586207e-09	2.000000052631579e-01	0.000000000000000e+00	0.000000000000000e+00	
2.400000793103448e-09	1.500000073684210e+00	3.977445304892181e-01	1.620974295481114e-01	
2.400000793103448e-09	1.600000078947368e+00	4.433082442015611e-01	1.693083095236328e-01	
2.400000793103448e-09	1.700000084210526e+00	4.243706924560769e-01	1.791456589472903e-01	
2.400000793103448e-09	1.800000089473684e+00	4.083756291635369e-01	1.384833841552505e-01	
2.400000793103448e-09	1.900000094736842e+00	4.351964649646827e-01	1.700957762664238e-01	
2.400000793103448e-09	2.000000100000000e+00	4.389019558907848e-01	1.607171633890301e-01	
2.500000827586207e-09	3.000000105263158e-01	1.134803762771919e-02	5.374358750815812e-03	
2.500000827586207e-09	4.000000157894736e-01	1.481260066212997e-02	2.209499282008507e-02	
2.500000827586207e-09	5.000000210526315e-01	6.875247429811336e-02	4.855726234373016e-02	
2.500000827586207e-09	6.000000263157893e-01	6.668513919829069e-02	3.029475293220674e-02	
2.500000827586207e-09	7.000000315789472e-01	1.082506599876110e-01	4.061634003699024e-02	
2.500000827586207e-09	8.000000368421051e-01	1.595769109165253e-01	5.514299611306315e-02	
2.500000827586207e-09	9.000000421052630e-01	1.910480304232469e-01	5.659725727348781e-02	
2.500000827586207e-09	1.000000047368421e+00	2.156240029683430e-01	5.448504741826102e-02	
2.500000827586207e-09	1.100000052631579e+00	2.842685824428468e-01	7.995621170388455e-02	
2.500000827586207e-09	1.200000057894737e+00	3.389881852358602e-01	1.044574286403038e-01	
2.500000827586207e-09	1.300000063157895e+00	3.997917911180264e-01	1.251438003749410e-01	
2.500000827586207e-09	1.400000068421052e+00	4.616660960836333e-01	1.287312204444373e-01	
2.600000862068965e-09	1.000000000000000e-01	0.000000000000000e+00	0.000000000000000e+00	
2.500000827586207e-09	1.500000073684210e+00	4.148004166151322e-01	1.343115170436330e-01	
2.600000862068965e-09	2.000000052631579e-01	0.000000000000000e+00	0.000000000000000e+00	
2.500000827586207e-09	1.600000078947368e+00	3.849045436894346e-01	1.288872799230160e-01	
2.500000827586207e-09	1.700000084210526e+00	4.255764681069140e-01	1.510304897094539e-01	
2.500000827586207e-09	1.800000089473684e+00	3.768735279208429e-01	1.600581863321200e-01	
2.500000827586207e-09	1.900000094736842e+00	3.887927690690726e-01	1.381624261146754e-01	
2.500000827586207e-09	2.000000100000000e+00	3.728368878634926e-01	1.440456278441927e-01	
2.600000862068965e-09	3.000000105263158e-01	1.117966532603719e-02	7.508102527101279e-03	
2.600000862068965e-09	4.000000157894736e-01	1.953921630214828e-02	2.273084704649644e-02	
2.600000862068965e-09	5.000000210526315e-01	5.051992036798965e-02	3.275245146352964e-02	
2.600000862068965e-09	6.000000263157893e-01	6.835032464017013e-02	3.111524410989636e-02	
2.600000862068965e-09	7.000000315789472e-01	1.097538310758053e-01	4.788194469525785e-02	
2.600000862068965e-09	8.000000368421051e-01	1.521741454599724e-01	4.926633264729361e-02	
2.600000862068965e-09	9.000000421052630e-01	1.614549813904395e-01	6.272051500785758e-02	
2.600000862068965e-09	1.000000047368421e+00	2.189614596531171e-01	6.299897654333002e-02	
2.600000862068965e-09	1.100000052631579e+00	2.716984522497637e-01	9.060829153795819e-02	
2.600000862068965e-09	1.200000057894737e+00	3.224363158667308e-01	8.256620851926330e-02	
2.600000862068965e-09	1.300000063157895e+00	3.631912128447140e-01	1.166960571603753e-01	
2.600000862068965e-09	1.400000068421052e+00	3.910351225574284e-01	1.526338448155807e-01	
2.700000896551724e-09	1.000000000000000e-01	0.000000000000000e+00	0.000000000000000e+00	
2.600000862068965e-09	1.500000073684210e+00	4.106579271608727e-01	1.421861227261240e-01	
2.700000896551724e-09	2.000000052631579e-01	0.000000000000000e+00	0.000000000000000e+00	
2.600000862068965e-09	1.600000078947368e+00	4.157733908220206e-01	1.553288186870844e-01	
2.600000862068965e-09	1.700000084210526e+00	4.192675563871635e-01	1.709433767196817e-01	
2.600000862068965e-09	1.800000089473684e+00	4.049634439626740e-01	1.869789181761982e-01	
2.600000862068965e-09	1.900000094736842e+00	4.153826150030341e-01	1.702542968749675e-01	
2.600000862068965e-09	2.000000100000000e+00	4.594993234168397e-01	1.591865827318620e-01	
2.700000896551724e-09	3.000000105263158e-01	1.069840661254917e-02	6.961932802389288e-03	
2.700000896551724e-09	4.000000157894736e-01	9.336531826813536e-03	7.204011209879470e-03	
2.700000896551724e-09	5.000000210526315e-01	6.160559461825792e-02	5.484277484435783e-02	
2.700000896551724e-09	6.000000263157893e-01	6.440537016687242e-02	3.069753992578596e-02	
2.700000896551724e-09	7.000000315789472e-01	1.027389262349647e-01	3.470063218235112e-02	
2.700000896551724e-09	8.000000368421051e-01	1.398753671668991e-01	6.007259129634578e-02	
2.700000896551724e-09	9.000000421052630e-01	1.758666189644172e-01	6.486482943156653e-02	
2.700000896551724e-09	1.000000047368421e+00	2.176005993624265e-01	7.595492450734884e-02	
2.700000896551724e-09	1.100000052631579e+00	2.533194927626375e-01	6.650603456565025e-02	
2.700000896551724e-09	1.200000057894737e+00	3.214974562929073e-01	7.141860049694686e-02	
2.700000896551724e-09	1.300000063157895e+00	3.972881744124440e-01	1.154800301624798e-01	
2.700000896551724e-09	1.400000068421052e+00	3.776258565260299e-01	1.502482916331404e-01	
2.800000931034482e-09	1.000000000000000e-01	0.000000000000000e+00	0.000000000000000e+00	
2.700000896551724e-09	1.500000073684210e+00	4.077538839917448e-01	1.582356050678571e-01	
2.700000896551724e-09	1.600000078947368e+00	3.921606854764368e-01	1.585800021212724e-01	
2.800000931034482e-09	2.000000052631579e-01	0.000000000000000e+00	0.000000000000000e+00	
2.700000896551724e-09	1.700000084210526e+00	3.731031072685263e-01	1.594848665896589e-01	
2.700000896551724e-09	1.800000089473684e+00	4.257894410590333e-01	1.552218939187436e-01	
2.700000896551724e-09	1.900000094736842e+00	3.939600243959615e-01	1.500119747604243e-01	
2.700000896551724e-09	2.000000100000000e+00	4.075709651966763e-01	1.916998588610958e-01	
2.800000931034482e-09	3.000000105263158e-01	1.123046872424142e-02	8.938621012678560e-03	
2.800000931034482e-09	4.000000157894736e-01	1.198094642415200e-02	6.887505136701499e-03	
2.800000931034482e-09	5.000000210526315e-01	5.408169410385568e-02	4.469274043896874e-02	
2.800000931034482e-09	6.000000263157893e-01	5.247667493058999e-02	2.097996201757863e-02	
2.800000931034482e-09	7.000000315789472e-01	9.753378902266219e-02	4.291046847892339e-02	
2.800000931034482e-09	8.000000368421051e-01	1.218951645800657e-01	5.525214233529971e-02	
2.800000931034482e-09	9.000000421052630e-01	1.504334867325037e-01	4.447314589385817e-02	
2.800000931034482e-09	1.000000047368421e+00	1.929803339220900e-01	8.577090530805093e-02	
2.800000931034482e-09	1.100000052631579e+00	2.797025960433958e-01	9.583308625178827e-02	
2.800000931034482e-09	1.200000057894737e+00	2.749944041391980e-01	7.688247780214862e-02	
2.800000931034482e-09	1.300000063157895e+00	3.827102108376784e-01	1.093303386011162e-01	
2.800000931034482e-09	1.400000068421052e+00	4.309702456165789e-01	1.176233484266425e-01	
2.900000965517241e-09	1.000000000000000e-01	0.000000000000000e+00	0.000000000000000e+00	
2.800000931034482e-09	1.500000073684210e+00	4.013036284496218e-01	1.454451922767534e-01	
2.900000965517241e-09	2.000000052631579e-01	0.000000000000000e+00	0.000000000000000e+00	
2.800000931034482e-09	1.600000078947368e+00	4.128328256164170e-01	1.288829677456795e-01	
2.800000931034482e-09	1.700000084210526e+00	4.154169761158608e-01	1.728878058836895e-01	
2.800000931034482e-09	1.800000089473684e+00	3.803192254463076e-01	1.492350478051425e-01	
2.800000931034482e-09	1.900000094736842e+00	3.654521435202431e-01	1.670778869822194e-01	
2.800000931034482e-09	2.000000100000000e+00	3.707957489773212e-01	1.607994471349481e-01	
2.900000965517241e-09	3.000000105263158e-01	6.773805225378483e-03	6.908136532319567e-03	
2.900000965517241e-09	4.000000157894736e-01	1.111141331863313e-02	7.735387376514606e-03	
2.900000965517241e-09	5.000000210526315e-01	5.110699830267764e-02	4.186353109870354e-02	
2.900000965517241e-09	6.000000263157893e-01	5.151732051706552e-02	2.751970680354109e-02	
2.900000965517241e-09	7.000000315789472e-01	8.712679034037105e-02	3.955574482383107e-02	
2.900000965517241e-09	8.000000368421051e-01	1.314408816022198e-01	4.957033040883173e-02	
2.900000965517241e-09	9.000000421052630e-01	1.557606593198076e-01	6.551871017661941e-02	
2.900000965517241e-09	1.000000047368421e+00	2.190123314941677e-01	5.791465121306162e-02	
2.900000965517241e-09	1.100000052631579e+00	2.493447101364995e-01	8.997117869083100e-02	
2.900000965517241e-09	1.200000057894737e+00	3.197385219747821e-01	1.042155921034217e-01	
2.900000965517241e-09	1.300000063157895e+00	3.500312814950817e-01	1.153821105350494e-01	
2.900000965517241e-09	1.400000068421052e+00	4.204489492888140e-01	1.285765156783916e-01	
3.000001000000000e-09	1.000000000000000e-01	0.000000000000000e+00	0.000000000000000e+00	
2.900000965517241e-09	1.500000073684210e+00	3.722861996216381e-01	1.900543184860510e-01	
3.000001000000000e-09	2.000000052631579e-01	0.000000000000000e+00	0.000000000000000e+00	
2.900000965517241e-09	1.600000078947368e+00	3.550440626000728e-01	1.482743339050615e-01	
2.900000965517241e-09	1.700000084210526e+00	3.870626321846625e-01	1.760184453627321e-01	
2.900000965517241e-09	1.800000089473684e+00	3.893307845376272e-01	1.771010268344005e-01	
2.900000965517241e-09	1.900000094736842e+00	4.124525713095976e-01	1.705706676337232e-01	
2.900000965517241e-09	2.000000100000000e+00	4.214957671167815e-01	1.744836457917653e-01	
3.000001000000000e-09	3.000000105263158e-01	8.259795161825089e-04	3.600361240474175e-03	
3.000001000000000e-09	4.000000157894736e-01	1.059381085689406e-02	8.132945159016892e-03	
3.000001000000000e-09	5.000000210526315e-01	5.862832021298018e-02	5.147127156876046e-02	
3.000001000000000e-09	6.000000263157893e-01	5.483051137677149e-02	3.196808731237132e-02	
3.000001000000000e-09	7.000000315789472e-01	8.823646493413421e-02	4.043460636544374e-02	
3.000001000000000e-09	8.000000368421051e-01	1.195192346295585e-01	5.062290522038184e-02	
3.000001000000000e-09	9.000000421052630e-01	1.391400968139837e-01	4.751610488261500e-02	
3.000001000000000e-09	1.000000047368421e+00	1.741848658675850e-01	5.509562899245705e-02	
3.000001000000000e-09	1.100000052631579e+00	2.516600050627904e-01	8.385027746740695e-02	
3.000001000000000e-09	1.200000057894737e+00	2.821663334707588e-01	8.268039779154636e-02	
3.000001000000000e-09	1.300000063157895e+00	3.814023103713459e-01	1.026978436896691e-01	
3.000001000000000e-09	1.400000068421052e+00	4.130481754649796e-01	1.288230546692079e-01	
3.000001000000000e-09	1.500000073684210e+00	4.364909125077061e-01	1.656129230115746e-01	
3.000001000000000e-09	1.600000078947368e+00	3.771546883983826e-01	1.875360147455074e-01	
3.000001000000000e-09	1.700000084210526e+00	3.644556899240466e-01	1.849908933304037e-01	
3.000001000000000e-09	1.800000089473684e+00	3.970444403935313e-01	1.508272993697996e-01	
3.000001000000000e-09	1.900000094736842e+00	3.869448016078941e-01	1.572626906059083e-01	
3.000001000000000e-09	2.000000100000000e+00	3.879349763647782e-01	1.542153595771744e-01	
