1.000000000000000e-10	6.000000263157893e-01	5.403940386077564e-02	4.067455670507817e-02	
1.000000000000000e-10	3.000000105263158e-01	8.985756514487431e-03	9.255818109223131e-03	
1.000000000000000e-10	1.000000000000000e-01	4.888124545339825e-03	1.987887273238681e-03	
1.000000000000000e-10	5.000000210526315e-01	2.667320849298093e-02	2.233127608607874e-02	
1.000000000000000e-10	2.000000052631579e-01	5.867823668371438e-03	3.256767840037254e-03	
1.000000000000000e-10	4.000000157894736e-01	1.554005397198696e-02	1.636943502747956e-02	
1.000000000000000e-10	7.000000315789472e-01	8.358698991309772e-02	3.811516460733125e-02	
1.000000000000000e-10	8.000000368421051e-01	1.085012980012545e-01	2.386986398217817e-02	
1.000000000000000e-10	9.000000421052630e-01	1.215662992764408e-01	2.100342496031964e-02	
1.000000000000000e-10	1.000000047368421e+00	1.207319413932274e-01	1.734467695886842e-02	
1.000000000000000e-10	1.200000057894737e+00	1.060898080800970e-01	1.786486111176991e-02	
1.000000000000000e-10	1.100000052631579e+00	1.143179253548128e-01	1.617150048351274e-02	
1.000000000000000e-10	1.300000063157895e+00	9.903893197381623e-02	2.099943882997354e-02	
1.000000000000000e-10	1.400000068421052e+00	8.953242791627895e-02	2.269565112603811e-02	
1.000000000000000e-10	1.500000073684210e+00	7.847369895497587e-02	2.239861159619757e-02	
1.000000000000000e-10	1.600000078947368e+00	7.011373817119085e-02	2.016183146117205e-02	
1.000000000000000e-10	1.700000084210526e+00	6.462610423581280e-02	1.959681430326106e-02	
1.000000000000000e-10	1.800000089473684e+00	5.726117938093209e-02	1.522432768127153e-02	
1.000000000000000e-10	1.900000094736842e+00	5.342367676725797e-02	1.304153765222411e-02	
2.000000344827586e-10	1.000000000000000e-01	4.446032795040666e-03	2.243778243855304e-03	
1.000000000000000e-10	2.000000100000000e+00	5.071115474916538e-02	1.220461933503006e-02	
2.000000344827586e-10	2.000000052631579e-01	5.866449475413786e-03	4.124261999225930e-03	
2.000000344827586e-10	3.000000105263158e-01	9.497683169767891e-03	1.424253075285637e-02	
2.000000344827586e-10	4.000000157894736e-01	2.041725982379110e-02	2.342325290507176e-02	
2.000000344827586e-10	5.000000210526315e-01	5.494979695742315e-02	4.991255205611267e-02	
2.000000344827586e-10	6.000000263157893e-01	7.443456519536509e-02	4.843826663715864e-02	
2.000000344827586e-10	7.000000315789472e-01	1.129596127131254e-01	4.847026100464472e-02	
2.000000344827586e-10	8.000000368421051e-01	1.370951246709083e-01	4.545422788762103e-02	
2.000000344827586e-10	9.000000421052630e-01	1.623533526773100e-01	3.966876859062186e-02	
2.000000344827586e-10	1.000000047368421e+00	1.687718243587609e-01	3.587408773849835e-02	
2.000000344827586e-10	1.100000052631579e+00	1.777556044454012e-01	3.146318640387613e-02	
2.000000344827586e-10	1.200000057894737e+00	1.954562871354230e-01	3.193416742005248e-02	
2.000000344827586e-10	1.300000063157895e+00	2.093425627680729e-01	2.605639357064819e-02	
2.000000344827586e-10	1.400000068421052e+00	2.051169260827173e-01	3.192112640588429e-02	
2.000000344827586e-10	1.500000073684210e+00	1.962389096101997e-01	4.257046458957869e-02	
2.000000344827586e-10	1.600000078947368e+00	1.850181519526801e-01	3.780230592625934e-02	
2.000000344827586e-10	1.700000084210526e+00	1.633958938494169e-01	3.743306616972609e-02	
2.000000344827586e-10	1.800000089473684e+00	1.481245035071048e-01	4.252588340662676e-02	
2.000000344827586e-10	1.900000094736842e+00	1.389374308883206e-01	4.706363269741053e-02	
2.000000344827586e-10	2.000000100000000e+00	1.220116393088214e-01	4.318304399109958e-02	
3.000000689655172e-10	1.000000000000000e-01	5.036215584005081e-03	2.217934717535113e-03	
3.000000689655172e-10	2.000000052631579e-01	7.949552192653154e-03	7.797251665239921e-03	
3.000000689655172e-10	3.000000105263158e-01	1.154667480302387e-02	1.508573342195011e-02	
3.000000689655172e-10	4.000000157894736e-01	2.888104380860708e-02	3.196603149117334e-02	
3.000000689655172e-10	5.000000210526315e-01	5.707687873505775e-02	4.876432057275621e-02	
3.000000689655172e-10	6.000000263157893e-01	8.372090347258121e-02	6.186823719808647e-02	
3.000000689655172e-10	7.000000315789472e-01	1.104873617337105e-01	5.482268130291128e-02	
3.000000689655172e-10	8.000000368421051e-01	1.552178021243005e-01	5.943168719922121e-02	
3.000000689655172e-10	9.000000421052630e-01	1.819112416152741e-01	4.801849168060190e-02	
3.000000689655172e-10	1.000000047368421e+00	2.064662878428241e-01	5.042446856688208e-02	
3.000000689655172e-10	1.100000052631579e+00	2.406586964341889e-01	4.554226237079637e-02	
3.000000689655172e-10	1.200000057894737e+00	2.531657585887384e-01	3.635314896004369e-02	
3.000000689655172e-10	1.300000063157895e+00	2.717544552573022e-01	3.975779907930587e-02	
3.000000689655172e-10	1.400000068421052e+00	2.934637024024792e-01	4.198572320876723e-02	
3.000000689655172e-10	1.500000073684210e+00	2.936517216647915e-01	4.632493385073838e-02	
3.000000689655172e-10	1.600000078947368e+00	2.719647281120902e-01	4.142251183786267e-02	
3.000000689655172e-10	1.700000084210526e+00	2.621203314521743e-01	4.969500368961392e-02	
3.000000689655172e-10	1.800000089473684e+00	2.415415775936159e-01	4.924057555987786e-02	
3.000000689655172e-10	1.900000094736842e+00	2.254223864832961e-01	6.621170501813413e-02	
3.000000689655172e-10	2.000000100000000e+00	2.165652290953930e-01	7.359101292419533e-02	
4.000001034482759e-10	1.000000000000000e-01	5.148110826194058e-03	1.777750331745852e-03	
4.000001034482759e-10	2.000000052631579e-01	7.510413748956219e-03	4.346917207094997e-03	
4.000001034482759e-10	3.000000105263158e-01	1.537613071761508e-02	1.647894767128072e-02	
4.000001034482759e-10	4.000000157894736e-01	3.449829600884722e-02	3.376849467767318e-02	
4.000001034482759e-10	5.000000210526315e-01	6.406341463801664e-02	5.038070066985084e-02	
4.000001034482759e-10	6.000000263157893e-01	9.987765011922109e-02	6.845870643473152e-02	
4.000001034482759e-10	7.000000315789472e-01	1.263617410444435e-01	8.015998321020114e-02	
4.000001034482759e-10	8.000000368421051e-01	1.630003410844512e-01	6.304961826610193e-02	
4.000001034482759e-10	9.000000421052630e-01	2.221797845568761e-01	7.277600274614697e-02	
4.000001034482759e-10	1.000000047368421e+00	2.430323545002392e-01	6.657558636703342e-02	
4.000001034482759e-10	1.100000052631579e+00	2.764224469969110e-01	5.120070822347391e-02	
4.000001034482759e-10	1.200000057894737e+00	2.967959012632346e-01	5.208463515698794e-02	
4.000001034482759e-10	1.300000063157895e+00	3.291175086012206e-01	6.537165892791935e-02	
4.000001034482759e-10	1.400000068421052e+00	3.295556943273516e-01	5.593660799891170e-02	
4.000001034482759e-10	1.500000073684210e+00	3.449647750470438e-01	5.980020731708888e-02	
4.000001034482759e-10	1.600000078947368e+00	3.378299111201212e-01	5.969780813047045e-02	
4.000001034482759e-10	1.700000084210526e+00	3.264867804687458e-01	5.410154886832148e-02	
4.000001034482759e-10	1.800000089473684e+00	3.167806412728986e-01	6.648870950561751e-02	
4.000001034482759e-10	1.900000094736842e+00	3.114037302688234e-01	9.262088298065307e-02	
4.000001034482759e-10	2.000000100000000e+00	2.713671115076635e-01	8.595615133159257e-02	
5.000001379310345e-10	1.000000000000000e-01	6.418836740801766e-03	3.732260324467881e-03	
5.000001379310345e-10	2.000000052631579e-01	9.220779899803532e-03	7.074016747181136e-03	
5.000001379310345e-10	3.000000105263158e-01	1.928862119782433e-02	1.877553841847977e-02	
5.000001379310345e-10	4.000000157894736e-01	3.446947994155340e-02	3.271148721188055e-02	
5.000001379310345e-10	5.000000210526315e-01	6.642023089396483e-02	5.060994588102655e-02	
5.000001379310345e-10	6.000000263157893e-01	9.513331481733947e-02	6.596481224034677e-02	
5.000001379310345e-10	7.000000315789472e-01	1.505438601417133e-01	8.067921186648856e-02	
5.000001379310345e-10	8.000000368421051e-01	1.661639832832485e-01	8.318719887012907e-02	
5.000001379310345e-10	9.000000421052630e-01	2.054192422800976e-01	8.537270163925911e-02	
5.000001379310345e-10	1.000000047368421e+00	2.602465097508668e-01	8.015982923050369e-02	
5.000001379310345e-10	1.100000052631579e+00	2.915414909789571e-01	6.512524014963769e-02	
5.000001379310345e-10	1.200000057894737e+00	3.150085275144773e-01	5.849115446788769e-02	
5.000001379310345e-10	1.300000063157895e+00	3.483020276170929e-01	6.797501057681493e-02	
5.000001379310345e-10	1.400000068421052e+00	3.598085863731797e-01	6.559021047362187e-02	
5.000001379310345e-10	1.500000073684210e+00	3.761698554853441e-01	6.647456990144060e-02	
5.000001379310345e-10	1.600000078947368e+00	3.947342449886488e-01	9.226355078311844e-02	
5.000001379310345e-10	1.700000084210526e+00	3.734708079449472e-01	1.008573612700154e-01	
5.000001379310345e-10	1.800000089473684e+00	3.603073085620886e-01	8.585435124022929e-02	
5.000001379310345e-10	1.900000094736842e+00	3.585761530618035e-01	9.561863925704066e-02	
5.000001379310345e-10	2.000000100000000e+00	2.985501616112707e-01	1.062249747507638e-01	
6.000001724137931e-10	1.000000000000000e-01	6.584607601704126e-03	3.630335459895767e-03	
6.000001724137931e-10	2.000000052631579e-01	9.199152103168910e-03	7.461681291026052e-03	
6.000001724137931e-10	3.000000105263158e-01	2.000961253033063e-02	2.054265917384118e-02	
6.000001724137931e-10	4.000000157894736e-01	3.922170877766583e-02	3.172228505246938e-02	
6.000001724137931e-10	5.000000210526315e-01	7.050315485991290e-02	5.257441738172604e-02	
6.000001724137931e-10	6.000000263157893e-01	1.044537977962276e-01	7.929366746250020e-02	
6.000001724137931e-10	7.000000315789472e-01	1.579100278401856e-01	8.716556942410979e-02	
6.000001724137931e-10	8.000000368421051e-01	1.683717071584240e-01	1.002647470862848e-01	
6.000001724137931e-10	9.000000421052630e-01	2.281098281676743e-01	1.074383936936048e-01	
6.000001724137931e-10	1.000000047368421e+00	2.688314202193381e-01	1.009468117212060e-01	
6.000001724137931e-10	1.100000052631579e+00	3.177908145445575e-01	9.656830424485048e-02	
6.000001724137931e-10	1.200000057894737e+00	3.461380009951213e-01	8.130766671291928e-02	
6.000001724137931e-10	1.300000063157895e+00	3.523096140402836e-01	6.695491706130183e-02	
6.000001724137931e-10	1.400000068421052e+00	3.668337951019949e-01	7.740761852583833e-02	
6.000001724137931e-10	1.500000073684210e+00	3.849556886284862e-01	8.302321279923609e-02	
6.000001724137931e-10	1.600000078947368e+00	3.890380947713946e-01	8.931066221582021e-02	
6.000001724137931e-10	1.700000084210526e+00	3.750316718359922e-01	8.440999505947018e-02	
6.000001724137931e-10	1.800000089473684e+00	3.746272794851216e-01	1.009273848856843e-01	
6.000001724137931e-10	1.900000094736842e+00	3.437730935126597e-01	9.968929572152192e-02	
6.000001724137931e-10	2.000000100000000e+00	3.358561687485931e-01	8.115181090217671e-02	
7.000002068965517e-10	1.000000000000000e-01	5.880101490528331e-03	3.970550933319533e-03	
7.000002068965517e-10	2.000000052631579e-01	1.288458376591653e-02	7.909140063259757e-03	
7.000002068965517e-10	3.000000105263158e-01	2.316429336538615e-02	2.064285138777627e-02	
7.000002068965517e-10	4.000000157894736e-01	4.242560074050780e-02	3.304742112040629e-02	
7.000002068965517e-10	5.000000210526315e-01	8.663239446121875e-02	6.571351167930720e-02	
7.000002068965517e-10	6.000000263157893e-01	1.214952622420549e-01	8.524803517273534e-02	
7.000002068965517e-10	7.000000315789472e-01	1.552356971862135e-01	9.075967071815649e-02	
7.000002068965517e-10	8.000000368421051e-01	1.566950946640007e-01	9.077964294528683e-02	
7.000002068965517e-10	9.000000421052630e-01	2.201713761435528e-01	1.178289733325371e-01	
7.000002068965517e-10	1.000000047368421e+00	3.057009925759712e-01	1.040014606008406e-01	
7.000002068965517e-10	1.100000052631579e+00	3.273852369382485e-01	9.403171582120820e-02	
7.000002068965517e-10	1.200000057894737e+00	3.333346468477159e-01	1.121526557416930e-01	
7.000002068965517e-10	1.300000063157895e+00	3.161167537816920e-01	9.685275044563116e-02	
7.000002068965517e-10	1.400000068421052e+00	3.786524496982115e-01	7.058224651599039e-02	
7.000002068965517e-10	1.500000073684210e+00	3.966614972784955e-01	9.149606886030011e-02	
7.000002068965517e-10	1.600000078947368e+00	3.876852058196224e-01	1.160926747454488e-01	
7.000002068965517e-10	1.700000084210526e+00	4.145851463693764e-01	1.142399938623710e-01	
7.000002068965517e-10	1.800000089473684e+00	3.620205747966750e-01	8.012305547310787e-02	
7.000002068965517e-10	1.900000094736842e+00	3.486895473257371e-01	1.093901030290454e-01	
7.000002068965517e-10	2.000000100000000e+00	3.582134768577407e-01	9.363161652323153e-02	
8.000002413793102e-10	1.000000000000000e-01	5.962040706852514e-03	5.117162686234696e-03	
8.000002413793102e-10	2.000000052631579e-01	1.078864484734770e-02	9.044352955931728e-03	
8.000002413793102e-10	3.000000105263158e-01	2.004757297193315e-02	1.865006672291048e-02	
8.000002413793102e-10	4.000000157894736e-01	4.845310921207233e-02	3.302433747588928e-02	
8.000002413793102e-10	5.000000210526315e-01	8.829245575787534e-02	5.581826370467426e-02	
8.000002413793102e-10	6.000000263157893e-01	1.097865631588646e-01	7.634800235289592e-02	
8.000002413793102e-10	7.000000315789472e-01	1.404372733731920e-01	7.833222199855501e-02	
8.000002413793102e-10	8.000000368421051e-01	1.666231693298097e-01	8.408268946012916e-02	
8.000002413793102e-10	9.000000421052630e-01	2.432865363569565e-01	9.718936615134526e-02	
8.000002413793102e-10	1.000000047368421e+00	2.627126430481308e-01	8.407802379098812e-02	
8.000002413793102e-10	1.100000052631579e+00	3.001777718451301e-01	9.721250757770718e-02	
8.000002413793102e-10	1.200000057894737e+00	3.334617144798720e-01	1.316183382706878e-01	
8.000002413793102e-10	1.300000063157895e+00	3.363776263743684e-01	1.253537094628502e-01	
8.000002413793102e-10	1.400000068421052e+00	3.537109583512912e-01	1.220854785838840e-01	
8.000002413793102e-10	1.500000073684210e+00	3.343633459604496e-01	1.175599220619374e-01	
8.000002413793102e-10	1.600000078947368e+00	4.066871434062873e-01	1.066767551290011e-01	
8.000002413793102e-10	1.700000084210526e+00	3.891926456185333e-01	1.018134318113045e-01	
8.000002413793102e-10	1.800000089473684e+00	3.512016313274202e-01	8.855384575597106e-02	
8.000002413793102e-10	1.900000094736842e+00	3.886785977603661e-01	9.831074197566346e-02	
8.000002413793102e-10	2.000000100000000e+00	3.720820298392115e-01	8.878256709306506e-02	
9.000002758620689e-10	1.000000000000000e-01	6.095761882727462e-03	5.801436313655092e-03	
9.000002758620689e-10	2.000000052631579e-01	9.977562852182074e-03	7.008401900641180e-03	
9.000002758620689e-10	3.000000105263158e-01	2.210623348344019e-02	2.163320828506040e-02	
9.000002758620689e-10	4.000000157894736e-01	4.949868165264858e-02	3.311637952071397e-02	
9.000002758620689e-10	5.000000210526315e-01	8.414044201632480e-02	6.541460884765850e-02	
9.000002758620689e-10	6.000000263157893e-01	1.200509534530246e-01	6.221711718783506e-02	
9.000002758620689e-10	7.000000315789472e-01	1.142779329342152e-01	6.555638203650987e-02	
9.000002758620689e-10	8.000000368421051e-01	1.695079820178409e-01	6.448498086227469e-02	
9.000002758620689e-10	9.000000421052630e-01	1.904338077031001e-01	7.483059900611093e-02	
9.000002758620689e-10	1.000000047368421e+00	2.597888271885091e-01	9.592517469149801e-02	
9.000002758620689e-10	1.100000052631579e+00	3.465089328442336e-01	1.086080903559112e-01	
9.000002758620689e-10	1.200000057894737e+00	3.231967825657986e-01	1.388345892887924e-01	
9.000002758620689e-10	1.300000063157895e+00	3.323248499265868e-01	1.250977814394418e-01	
9.000002758620689e-10	1.400000068421052e+00	3.805229109304598e-01	1.241994467919542e-01	
9.000002758620689e-10	1.500000073684210e+00	3.836938662661852e-01	1.142867876936548e-01	
9.000002758620689e-10	1.600000078947368e+00	4.022220207796569e-01	1.076753318281123e-01	
9.000002758620689e-10	1.700000084210526e+00	3.786774009700339e-01	1.336648226309903e-01	
9.000002758620689e-10	1.800000089473684e+00	3.892810080857834e-01	1.204935220551020e-01	
9.000002758620689e-10	1.900000094736842e+00	3.642962927405194e-01	9.489120190791156e-02	
9.000002758620689e-10	2.000000100000000e+00	3.434547529971664e-01	1.061883183132361e-01	
1.000000310344828e-09	1.000000000000000e-01	4.551585295348807e-03	3.234604009341133e-03	
1.000000310344828e-09	2.000000052631579e-01	6.833091435485952e-03	7.890877661039885e-03	
1.000000310344828e-09	3.000000105263158e-01	2.034693979098385e-02	2.256605755231676e-02	
1.000000310344828e-09	4.000000157894736e-01	4.510268888137755e-02	3.521715729159686e-02	
1.000000310344828e-09	5.000000210526315e-01	9.195144341504971e-02	4.804367255191184e-02	
1.000000310344828e-09	6.000000263157893e-01	1.164766288395567e-01	4.967465727821666e-02	
1.000000310344828e-09	7.000000315789472e-01	1.531824513992077e-01	9.424921935841632e-02	
1.000000310344828e-09	8.000000368421051e-01	1.805138862803984e-01	7.539450278353783e-02	
1.000000310344828e-09	9.000000421052630e-01	2.182307292450040e-01	8.568199070075312e-02	
1.000000310344828e-09	1.000000047368421e+00	2.542655221051713e-01	9.601081717313870e-02	
1.000000310344828e-09	1.100000052631579e+00	2.969738370229961e-01	8.123090643375024e-02	
1.000000310344828e-09	1.200000057894737e+00	3.249726617298075e-01	1.407008235419585e-01	
1.000000310344828e-09	1.300000063157895e+00	3.450423829485991e-01	1.408693099934192e-01	
1.000000310344828e-09	1.400000068421052e+00	3.581737356600730e-01	1.331164090880334e-01	
1.000000310344828e-09	1.500000073684210e+00	3.700514013991970e-01	1.238739712164384e-01	
1.000000310344828e-09	1.600000078947368e+00	3.623096136710368e-01	1.385812319394903e-01	
1.000000310344828e-09	1.700000084210526e+00	4.105857654988816e-01	1.229537995182124e-01	
1.000000310344828e-09	1.800000089473684e+00	3.870826675912557e-01	1.334031476760361e-01	
1.000000310344828e-09	1.900000094736842e+00	3.895818168345907e-01	1.228429996748290e-01	
1.000000310344828e-09	2.000000100000000e+00	3.886302127020454e-01	9.194303189368225e-02	
1.100000344827586e-09	1.000000000000000e-01	6.253653446163038e-03	4.245208554908515e-03	
1.100000344827586e-09	2.000000052631579e-01	6.073103596361632e-03	5.171689879467683e-03	
1.100000344827586e-09	3.000000105263158e-01	1.579016513868221e-02	1.808587244648685e-02	
1.100000344827586e-09	4.000000157894736e-01	4.408319279294051e-02	3.141690572354972e-02	
1.100000344827586e-09	5.000000210526315e-01	9.413088841320777e-02	4.678324760486677e-02	
1.100000344827586e-09	6.000000263157893e-01	1.303904366105404e-01	5.936828531052066e-02	
1.100000344827586e-09	7.000000315789472e-01	1.479291103226405e-01	9.007612616312403e-02	
1.100000344827586e-09	8.000000368421051e-01	1.946763869728009e-01	9.010281749206424e-02	
1.100000344827586e-09	9.000000421052630e-01	2.220399581811693e-01	1.052596632027981e-01	
1.100000344827586e-09	1.000000047368421e+00	2.501165874253297e-01	8.665855789294202e-02	
1.100000344827586e-09	1.100000052631579e+00	2.793217518192800e-01	1.171753765929743e-01	
1.100000344827586e-09	1.200000057894737e+00	3.462263519366015e-01	1.567920975333562e-01	
1.100000344827586e-09	1.300000063157895e+00	3.428647393445906e-01	1.566179417372085e-01	
1.100000344827586e-09	1.400000068421052e+00	3.607834279383074e-01	1.462790758843738e-01	
1.100000344827586e-09	1.500000073684210e+00	3.771498288868547e-01	1.605181268927167e-01	
1.100000344827586e-09	1.600000078947368e+00	3.980770493697349e-01	1.500747245764969e-01	
1.100000344827586e-09	1.700000084210526e+00	4.585012254231205e-01	1.012800397534655e-01	
1.100000344827586e-09	1.800000089473684e+00	4.338568868305334e-01	8.104465236252327e-02	
1.100000344827586e-09	1.900000094736842e+00	4.126585009259086e-01	9.005029671077014e-02	
1.100000344827586e-09	2.000000100000000e+00	3.867562890426019e-01	1.016003129008054e-01	
1.200000379310345e-09	1.000000000000000e-01	3.907681724779889e-03	3.120262190981677e-03	
1.200000379310345e-09	2.000000052631579e-01	5.596395273194980e-03	5.068997401370206e-03	
1.200000379310345e-09	3.000000105263158e-01	9.282463735971991e-03	1.009674237710678e-02	
1.200000379310345e-09	4.000000157894736e-01	4.299295531738247e-02	2.963640682960606e-02	
1.200000379310345e-09	5.000000210526315e-01	1.050214867882401e-01	4.232106376409585e-02	
1.200000379310345e-09	6.000000263157893e-01	1.232499518983791e-01	6.000377144865273e-02	
1.200000379310345e-09	7.000000315789472e-01	1.315830450321006e-01	5.716585733178067e-02	
1.200000379310345e-09	8.000000368421051e-01	1.812737638717320e-01	1.207527064081161e-01	
1.200000379310345e-09	9.000000421052630e-01	2.306550782942867e-01	1.006936100933735e-01	
1.200000379310345e-09	1.000000047368421e+00	2.813035627696732e-01	1.090069101562407e-01	
1.200000379310345e-09	1.100000052631579e+00	3.116197010885582e-01	1.332140678863584e-01	
1.200000379310345e-09	1.200000057894737e+00	3.747798957373830e-01	1.357056970765169e-01	
1.200000379310345e-09	1.300000063157895e+00	3.587910782307516e-01	1.437985256789509e-01	
1.200000379310345e-09	1.400000068421052e+00	3.770520811231418e-01	1.521399545197142e-01	
1.200000379310345e-09	1.500000073684210e+00	3.667533482258100e-01	1.488939904315180e-01	
1.200000379310345e-09	1.600000078947368e+00	4.199608378230557e-01	1.203483064502979e-01	
1.200000379310345e-09	1.700000084210526e+00	3.733793379504808e-01	1.153719047001108e-01	
1.200000379310345e-09	1.800000089473684e+00	3.960629832089172e-01	7.459770536047637e-02	
1.200000379310345e-09	1.900000094736842e+00	4.100288694878392e-01	1.116958593387485e-01	
1.200000379310345e-09	2.000000100000000e+00	3.967167650376646e-01	1.033967755326427e-01	
1.300000413793104e-09	1.000000000000000e-01	4.595046361693418e-03	4.386524264392211e-03	
1.300000413793104e-09	2.000000052631579e-01	6.376520653619266e-03	4.814326110129639e-03	
1.300000413793104e-09	3.000000105263158e-01	1.034747653570103e-02	9.448404376748735e-03	
1.300000413793104e-09	4.000000157894736e-01	3.769427412558170e-02	3.201661830335711e-02	
1.300000413793104e-09	5.000000210526315e-01	1.148215769437245e-01	4.579117751514231e-02	
1.300000413793104e-09	6.000000263157893e-01	1.293197873530926e-01	5.039844297915726e-02	
1.300000413793104e-09	7.000000315789472e-01	1.093976340413250e-01	6.190410345685508e-02	
1.300000413793104e-09	8.000000368421051e-01	1.875111758481318e-01	9.491677926393334e-02	
1.300000413793104e-09	9.000000421052630e-01	2.305985777649348e-01	7.708935694015544e-02	
1.300000413793104e-09	1.000000047368421e+00	2.717275532916833e-01	8.789944421896544e-02	
1.300000413793104e-09	1.100000052631579e+00	3.011762763792837e-01	1.338479475653929e-01	
1.300000413793104e-09	1.200000057894737e+00	3.344275129987481e-01	1.331312452521489e-01	
1.300000413793104e-09	1.300000063157895e+00	3.541818328341192e-01	1.267486259961947e-01	
1.300000413793104e-09	1.400000068421052e+00	3.416767610787539e-01	1.237736800229181e-01	
1.300000413793104e-09	1.500000073684210e+00	3.606606813031694e-01	1.172521710162340e-01	
1.300000413793104e-09	1.600000078947368e+00	4.403416297465369e-01	9.780142146391778e-02	
1.300000413793104e-09	1.700000084210526e+00	4.348583210129359e-01	1.009048495878573e-01	
1.300000413793104e-09	1.800000089473684e+00	3.941965980611724e-01	1.083453287832881e-01	
1.300000413793104e-09	1.900000094736842e+00	3.935334600298605e-01	1.028295404703147e-01	
1.300000413793104e-09	2.000000100000000e+00	4.008079993641447e-01	1.158834392888665e-01	
1.400000448275862e-09	1.000000000000000e-01	5.433110278547016e-03	3.977996242809903e-03	
1.400000448275862e-09	2.000000052631579e-01	5.187845587235802e-03	4.542203403270246e-03	
1.400000448275862e-09	3.000000105263158e-01	7.587685401700445e-03	1.006059406305930e-02	
1.400000448275862e-09	4.000000157894736e-01	3.488446987407835e-02	2.646714909445682e-02	
1.400000448275862e-09	5.000000210526315e-01	1.049380137170959e-01	4.349174566650192e-02	
1.400000448275862e-09	6.000000263157893e-01	1.180065693286111e-01	6.026562017838160e-02	
1.400000448275862e-09	7.000000315789472e-01	9.370716031875047e-02	5.306700372453434e-02	
1.400000448275862e-09	8.000000368421051e-01	1.649265091956890e-01	8.874784871845064e-02	
1.400000448275862e-09	9.000000421052630e-01	2.266099371877207e-01	8.230382796493881e-02	
1.400000448275862e-09	1.000000047368421e+00	2.490516664195374e-01	9.799056245944425e-02	
1.400000448275862e-09	1.100000052631579e+00	3.303162596552935e-01	1.213455294764056e-01	
1.400000448275862e-09	1.200000057894737e+00	3.148304435185054e-01	9.556576857132981e-02	
1.400000448275862e-09	1.300000063157895e+00	3.330482986341313e-01	1.341386037692382e-01	
1.400000448275862e-09	1.400000068421052e+00	3.929369856018481e-01	1.488879015648138e-01	
1.400000448275862e-09	1.500000073684210e+00	4.231043525945252e-01	9.223267693515233e-02	
1.400000448275862e-09	1.600000078947368e+00	4.246697583469371e-01	1.054892353650126e-01	
1.400000448275862e-09	1.700000084210526e+00	4.316979321580483e-01	1.128408291533915e-01	
1.400000448275862e-09	1.800000089473684e+00	4.022201736791269e-01	1.152879200444075e-01	
1.400000448275862e-09	1.900000094736842e+00	3.802772318195648e-01	1.268065336321684e-01	
1.400000448275862e-09	2.000000100000000e+00	3.539740943402456e-01	1.350506957611156e-01	
1.500000482758621e-09	1.000000000000000e-01	4.658327661995058e-03	4.831726783099351e-03	
1.500000482758621e-09	2.000000052631579e-01	5.540094213483533e-03	4.652766415828834e-03	
1.500000482758621e-09	3.000000105263158e-01	6.455437618227644e-03	5.222374471438623e-03	
1.500000482758621e-09	4.000000157894736e-01	1.905492477950607e-02	2.307421844075230e-02	
1.500000482758621e-09	5.000000210526315e-01	9.472007574001257e-02	3.366315976554988e-02	
1.500000482758621e-09	6.000000263157893e-01	1.129809877068892e-01	4.914012799543625e-02	
1.500000482758621e-09	7.000000315789472e-01	1.002017103190273e-01	7.096123873299703e-02	
1.500000482758621e-09	8.000000368421051e-01	1.568993060169124e-01	9.490633039969316e-02	
1.500000482758621e-09	9.000000421052630e-01	2.086364085697020e-01	7.061509931921650e-02	
1.500000482758621e-09	1.000000047368421e+00	2.384943868669959e-01	9.294473936061368e-02	
1.500000482758621e-09	1.100000052631579e+00	3.153382390001176e-01	1.042380345145743e-01	
1.500000482758621e-09	1.200000057894737e+00	3.317101411769484e-01	1.325885184559493e-01	
1.500000482758621e-09	1.300000063157895e+00	3.492874692766733e-01	1.316394627005119e-01	
1.500000482758621e-09	1.400000068421052e+00	3.741804224141968e-01	1.453831724543421e-01	
1.500000482758621e-09	1.500000073684210e+00	3.981575892711607e-01	1.154045640369150e-01	
1.500000482758621e-09	1.600000078947368e+00	3.753397747968560e-01	1.238835628337634e-01	
1.500000482758621e-09	1.700000084210526e+00	3.995391249525194e-01	1.288178750133523e-01	
1.500000482758621e-09	1.800000089473684e+00	4.086213170691709e-01	1.362855269124185e-01	
1.500000482758621e-09	1.900000094736842e+00	3.508890551893764e-01	1.160217081047843e-01	
1.500000482758621e-09	2.000000100000000e+00	3.612732937817734e-01	1.154401906326208e-01	
1.600000517241379e-09	1.000000000000000e-01	4.368063320234132e-03	3.407249031355537e-03	
1.600000517241379e-09	2.000000052631579e-01	6.194781399634052e-03	4.618214158142218e-03	
1.600000517241379e-09	3.000000105263158e-01	5.680032798231322e-03	6.790220852742569e-03	
1.600000517241379e-09	4.000000157894736e-01	2.383280178948660e-02	2.424865457623914e-02	
1.600000517241379e-09	5.000000210526315e-01	8.679882295537586e-02	3.824079077653624e-02	
1.600000517241379e-09	6.000000263157893e-01	1.162172431719198e-01	5.812873063776725e-02	
1.600000517241379e-09	7.000000315789472e-01	1.033721618954756e-01	6.424609191393704e-02	
1.600000517241379e-09	8.000000368421051e-01	1.741483585952137e-01	8.360934347147150e-02	
1.600000517241379e-09	9.000000421052630e-01	2.053309822657430e-01	7.996934458266462e-02	
1.600000517241379e-09	1.000000047368421e+00	2.707017405307868e-01	1.136575536558990e-01	
1.600000517241379e-09	1.100000052631579e+00	3.073924925643082e-01	1.103759492763855e-01	
1.600000517241379e-09	1.200000057894737e+00	3.245144489727371e-01	1.310534662793217e-01	
1.600000517241379e-09	1.300000063157895e+00	3.080579429036362e-01	1.106463318110848e-01	
1.600000517241379e-09	1.400000068421052e+00	3.882503235791001e-01	1.144814937490379e-01	
1.600000517241379e-09	1.500000073684210e+00	3.591085378417218e-01	1.173409864610360e-01	
1.600000517241379e-09	1.600000078947368e+00	3.828701020666647e-01	1.343714671500597e-01	
1.600000517241379e-09	1.700000084210526e+00	4.219446229172365e-01	1.219547069699882e-01	
1.600000517241379e-09	1.800000089473684e+00	4.167932986222264e-01	1.033009085028350e-01	
1.600000517241379e-09	1.900000094736842e+00	3.743940936098703e-01	1.133553584132838e-01	
1.600000517241379e-09	2.000000100000000e+00	4.295673749157126e-01	1.340069242489315e-01	
1.700000551724138e-09	1.000000000000000e-01	5.197589415033520e-03	4.170785125404406e-03	
1.700000551724138e-09	2.000000052631579e-01	5.069019806187671e-03	5.555024467014577e-03	
1.700000551724138e-09	3.000000105263158e-01	5.760028163290578e-03	5.279945941662067e-03	
1.700000551724138e-09	4.000000157894736e-01	1.173984174353602e-02	1.611780238020858e-02	
1.700000551724138e-09	5.000000210526315e-01	8.384535653290168e-02	4.186809699368945e-02	
1.700000551724138e-09	6.000000263157893e-01	1.198190915226929e-01	5.490791048447809e-02	
1.700000551724138e-09	7.000000315789472e-01	1.219909876058680e-01	7.301553736596329e-02	
1.700000551724138e-09	8.000000368421051e-01	1.355399963548399e-01	7.781858033417820e-02	
1.700000551724138e-09	9.000000421052630e-01	1.989183441223497e-01	8.863846878716816e-02	
1.700000551724138e-09	1.000000047368421e+00	2.590365308562599e-01	1.054403191348652e-01	
1.700000551724138e-09	1.100000052631579e+00	3.178929604838103e-01	1.575411150340446e-01	
1.700000551724138e-09	1.200000057894737e+00	3.394299910742669e-01	1.372672065950636e-01	
1.700000551724138e-09	1.300000063157895e+00	3.528727250870848e-01	1.054769839028536e-01	
1.700000551724138e-09	1.400000068421052e+00	3.910678397527292e-01	1.338419022513614e-01	
1.700000551724138e-09	1.500000073684210e+00	3.696721269691213e-01	1.040396413245153e-01	
1.700000551724138e-09	1.600000078947368e+00	3.839631876431688e-01	1.079942874597707e-01	
1.700000551724138e-09	1.700000084210526e+00	4.037114195309334e-01	1.035231381977847e-01	
1.700000551724138e-09	1.800000089473684e+00	3.713735492027195e-01	1.086902469534411e-01	
1.700000551724138e-09	1.900000094736842e+00	3.684973617627737e-01	1.085690375142930e-01	
1.700000551724138e-09	2.000000100000000e+00	3.745853663647737e-01	1.237906460194076e-01	
1.800000586206896e-09	1.000000000000000e-01	5.056894058912532e-03	5.813440537790272e-03	
1.800000586206896e-09	2.000000052631579e-01	4.840100042507065e-03	4.442689113937628e-03	
1.800000586206896e-09	3.000000105263158e-01	6.111754888436013e-03	4.871616922988346e-03	
1.800000586206896e-09	4.000000157894736e-01	1.030922458272450e-02	6.977493651850109e-03	
1.800000586206896e-09	5.000000210526315e-01	7.769226779635327e-02	3.781685218896715e-02	
1.800000586206896e-09	6.000000263157893e-01	1.390271823060134e-01	5.495154710852417e-02	
1.800000586206896e-09	7.000000315789472e-01	1.221336269626443e-01	7.312088629857473e-02	
1.800000586206896e-09	8.000000368421051e-01	1.452455845736057e-01	8.965579313536494e-02	
1.800000586206896e-09	9.000000421052630e-01	1.984096622828406e-01	7.325126796945003e-02	
1.800000586206896e-09	1.000000047368421e+00	2.554538315517157e-01	1.212582949357841e-01	
1.800000586206896e-09	1.100000052631579e+00	3.084090137032804e-01	1.522886008300366e-01	
1.800000586206896e-09	1.200000057894737e+00	3.132455740614007e-01	1.147520872503113e-01	
1.800000586206896e-09	1.300000063157895e+00	3.854516057303307e-01	1.468796757363873e-01	
1.800000586206896e-09	1.400000068421052e+00	3.875108539342823e-01	1.160766477296831e-01	
1.800000586206896e-09	1.500000073684210e+00	3.903478620943648e-01	1.358469601143326e-01	
1.800000586206896e-09	1.600000078947368e+00	3.920797719160672e-01	1.392181307451358e-01	
1.800000586206896e-09	1.700000084210526e+00	3.856420328473378e-01	1.052631120864486e-01	
1.800000586206896e-09	1.800000089473684e+00	3.608521011669107e-01	1.179818045511121e-01	
1.800000586206896e-09	1.900000094736842e+00	4.081824252012759e-01	1.078574453402804e-01	
1.800000586206896e-09	2.000000100000000e+00	3.308495997957578e-01	1.470380872151837e-01	
1.900000620689655e-09	1.000000000000000e-01	2.682597138637878e-03	3.267386998420014e-03	
1.900000620689655e-09	2.000000052631579e-01	5.660844612689258e-03	4.816593486246280e-03	
1.900000620689655e-09	3.000000105263158e-01	6.791972221059678e-03	5.740005837367769e-03	
1.900000620689655e-09	4.000000157894736e-01	1.140501710189579e-02	8.705931561246570e-03	
1.900000620689655e-09	5.000000210526315e-01	6.365411457351106e-02	3.485198825777357e-02	
1.900000620689655e-09	6.000000263157893e-01	1.179272829865677e-01	5.313962253491395e-02	
1.900000620689655e-09	7.000000315789472e-01	1.193120837696376e-01	5.044034645842348e-02	
1.900000620689655e-09	8.000000368421051e-01	1.270011943861122e-01	6.474133176296420e-02	
1.900000620689655e-09	9.000000421052630e-01	2.103219714397454e-01	9.343346889917312e-02	
1.900000620689655e-09	1.000000047368421e+00	2.701529590109819e-01	1.377284779305901e-01	
1.900000620689655e-09	1.100000052631579e+00	2.959850017251462e-01	1.103769451629062e-01	
1.900000620689655e-09	1.200000057894737e+00	3.593450677605124e-01	1.373896635758407e-01	
1.900000620689655e-09	1.300000063157895e+00	3.620143748121549e-01	1.292362285522744e-01	
1.900000620689655e-09	1.400000068421052e+00	4.040893291428967e-01	1.189614400867922e-01	
1.900000620689655e-09	1.500000073684210e+00	3.760360549885340e-01	1.561392455214707e-01	
1.900000620689655e-09	1.600000078947368e+00	3.698368831663086e-01	1.646803102443087e-01	
1.900000620689655e-09	1.700000084210526e+00	3.615868762337077e-01	1.590837639477713e-01	
1.900000620689655e-09	1.800000089473684e+00	3.994278919948232e-01	9.769125517186769e-02	
1.900000620689655e-09	1.900000094736842e+00	3.837486435190260e-01	1.074443395932762e-01	
2.000000655172414e-09	1.000000000000000e-01	2.730660372424188e-04	1.190267261252817e-03	
1.900000620689655e-09	2.000000100000000e+00	3.424537993346069e-01	1.253612094592893e-01	
2.000000655172414e-09	2.000000052631579e-01	5.523798205583567e-03	4.875309985866719e-03	
2.000000655172414e-09	3.000000105263158e-01	4.620149628280971e-03	4.548607163046448e-03	
2.000000655172414e-09	4.000000157894736e-01	9.270734560926093e-03	6.702347776302912e-03	
2.000000655172414e-09	5.000000210526315e-01	5.317432529387304e-02	3.724152576553965e-02	
2.000000655172414e-09	6.000000263157893e-01	1.103931964364478e-01	4.881268409175371e-02	
2.000000655172414e-09	7.000000315789472e-01	1.054502584848358e-01	5.525424820046945e-02	
2.000000655172414e-09	8.000000368421051e-01	1.186064844368730e-01	6.398825067824146e-02	
2.000000655172414e-09	9.000000421052630e-01	1.779656609950547e-01	7.860750439344011e-02	
2.000000655172414e-09	1.000000047368421e+00	2.585622064267538e-01	9.769295007540317e-02	
2.000000655172414e-09	1.100000052631579e+00	2.906730569232054e-01	1.043235380956933e-01	
2.000000655172414e-09	1.200000057894737e+00	3.515281171334998e-01	1.321741313000676e-01	
2.000000655172414e-09	1.300000063157895e+00	3.519467595899971e-01	1.342344902839105e-01	
2.000000655172414e-09	1.400000068421052e+00	3.782278575909545e-01	1.460144701496381e-01	
2.000000655172414e-09	1.500000073684210e+00	3.627166408524146e-01	1.382885636525424e-01	
2.000000655172414e-09	1.600000078947368e+00	3.625985479786309e-01	1.471152825298383e-01	
2.000000655172414e-09	1.700000084210526e+00	3.894438992587399e-01	1.280549710993559e-01	
2.000000655172414e-09	1.800000089473684e+00	3.842048110688693e-01	1.246515525583558e-01	
2.000000655172414e-09	1.900000094736842e+00	3.682434376291464e-01	1.241586611665692e-01	
2.000000655172414e-09	2.000000100000000e+00	2.834491693793610e-01	1.004270824922471e-01	
2.100000689655173e-09	1.000000000000000e-01	0.000000000000000e+00	0.000000000000000e+00	
2.100000689655173e-09	2.000000052631579e-01	5.463572179248050e-03	5.117439792435031e-03	
2.100000689655173e-09	3.000000105263158e-01	5.326907242850743e-03	5.129386958561169e-03	
2.100000689655173e-09	4.000000157894736e-01	6.446565249641737e-03	4.963351448038289e-03	
2.100000689655173e-09	5.000000210526315e-01	4.648289272163371e-02	3.910313472701039e-02	
2.100000689655173e-09	6.000000263157893e-01	1.080503816886054e-01	5.534420587643705e-02	
2.100000689655173e-09	7.000000315789472e-01	1.196398777989592e-01	6.049298135559181e-02	
2.100000689655173e-09	8.000000368421051e-01	1.360958687104540e-01	1.030441358742586e-01	
2.100000689655173e-09	9.000000421052630e-01	1.781312312868926e-01	8.848499992272953e-02	
2.100000689655173e-09	1.000000047368421e+00	2.614257537310836e-01	1.147341214330573e-01	
2.100000689655173e-09	1.100000052631579e+00	2.993558903009013e-01	1.257265034513747e-01	
2.100000689655173e-09	1.200000057894737e+00	3.401422956820082e-01	1.164160430799841e-01	
2.100000689655173e-09	1.300000063157895e+00	3.796097474277733e-01	1.242675311043283e-01	
2.100000689655173e-09	1.400000068421052e+00	3.998964295150801e-01	1.423641149635625e-01	
2.100000689655173e-09	1.500000073684210e+00	3.814740722561233e-01	1.225172560781009e-01	
2.100000689655173e-09	1.600000078947368e+00	3.871790683649613e-01	1.358575626820315e-01	
2.100000689655173e-09	1.700000084210526e+00	3.827297429019593e-01	1.401612650400097e-01	
2.100000689655173e-09	1.800000089473684e+00	3.857289230331318e-01	1.066855631008617e-01	
2.100000689655173e-09	1.900000094736842e+00	3.800094666980824e-01	1.001874124501413e-01	
2.100000689655173e-09	2.000000100000000e+00	2.805651344808017e-01	9.572172909225751e-02	
2.200000724137931e-09	1.000000000000000e-01	0.000000000000000e+00	0.000000000000000e+00	
2.200000724137931e-09	2.000000052631579e-01	4.620422337923085e-03	3.575070133570443e-03	
2.200000724137931e-09	3.000000105263158e-01	6.801480335204477e-03	6.259502320389590e-03	
2.200000724137931e-09	4.000000157894736e-01	7.374839478480980e-03	5.006828038132461e-03	
2.200000724137931e-09	5.000000210526315e-01	1.866637665025181e-02	1.636386749272523e-02	
2.200000724137931e-09	6.000000263157893e-01	9.455804623506235e-02	4.918820382022435e-02	
2.200000724137931e-09	7.000000315789472e-01	1.062855974703604e-01	4.747973950207764e-02	
2.200000724137931e-09	8.000000368421051e-01	9.189963661714905e-02	7.975321659553646e-02	
2.200000724137931e-09	9.000000421052630e-01	1.842238496429665e-01	9.255422731121017e-02	
2.200000724137931e-09	1.000000047368421e+00	2.211239101183037e-01	8.763285548289303e-02	
2.200000724137931e-09	1.100000052631579e+00	3.147767864057954e-01	1.258751425472429e-01	
2.200000724137931e-09	1.200000057894737e+00	3.694694448738718e-01	1.336327887736065e-01	
2.200000724137931e-09	1.300000063157895e+00	3.692907228048768e-01	1.453199249692081e-01	
2.200000724137931e-09	1.400000068421052e+00	3.481158633613198e-01	1.198724905278862e-01	
2.200000724137931e-09	1.500000073684210e+00	3.525203707641210e-01	1.250665255807063e-01	
2.200000724137931e-09	1.600000078947368e+00	3.509391608719056e-01	9.185506243099092e-02	
2.200000724137931e-09	1.700000084210526e+00	3.758282148084210e-01	1.188184290204483e-01	
2.200000724137931e-09	1.800000089473684e+00	3.685410298967619e-01	9.905817214221337e-02	
2.200000724137931e-09	1.900000094736842e+00	2.762417408794589e-01	1.043545852849311e-01	
2.200000724137931e-09	2.000000100000000e+00	3.719229517486452e-01	1.181179872909516e-01	
2.300000758620690e-09	1.000000000000000e-01	0.000000000000000e+00	0.000000000000000e+00	
2.300000758620690e-09	2.000000052631579e-01	3.123438932073053e-03	4.026495810530113e-03	
2.300000758620690e-09	3.000000105263158e-01	5.356366541679414e-03	4.833200277994786e-03	
2.300000758620690e-09	4.000000157894736e-01	1.103046573715745e-02	8.525557503991052e-03	
2.300000758620690e-09	5.000000210526315e-01	1.623540730763649e-02	2.017524893564687e-02	
2.300000758620690e-09	6.000000263157893e-01	8.002131300598449e-02	3.408042956536055e-02	
2.300000758620690e-09	7.000000315789472e-01	9.707288608673549e-02	4.976443005281683e-02	
2.300000758620690e-09	8.000000368421051e-01	1.023332950436900e-01	6.107271820712546e-02	
2.300000758620690e-09	9.000000421052630e-01	1.408333052257952e-01	7.490675092212537e-02	
2.300000758620690e-09	1.000000047368421e+00	1.955077350593215e-01	5.568553387888266e-02	
2.300000758620690e-09	1.100000052631579e+00	3.420290812981376e-01	1.323470305807024e-01	
2.300000758620690e-09	1.200000057894737e+00	3.570302928010754e-01	1.541451965078766e-01	
2.300000758620690e-09	1.300000063157895e+00	3.848458153128618e-01	1.393515071356856e-01	
2.300000758620690e-09	1.400000068421052e+00	3.634562264348589e-01	1.414113137740288e-01	
2.300000758620690e-09	1.500000073684210e+00	3.702073380328589e-01	1.297555194193017e-01	
2.400000793103448e-09	1.000000000000000e-01	0.000000000000000e+00	0.000000000000000e+00	
2.300000758620690e-09	1.600000078947368e+00	4.162578792107764e-01	1.304939424720491e-01	
2.300000758620690e-09	1.700000084210526e+00	3.931306962678143e-01	1.408759935755432e-01	
2.300000758620690e-09	1.800000089473684e+00	3.487637170352101e-01	1.159234134456237e-01	
2.300000758620690e-09	1.900000094736842e+00	3.442130961390187e-01	1.239733069887370e-01	
2.300000758620690e-09	2.000000100000000e+00	2.942906537541826e-01	9.979668714278921e-02	
2.400000793103448e-09	2.000000052631579e-01	1.022175528547027e-03	3.313991865248691e-03	
2.400000793103448e-09	3.000000105263158e-01	5.845251415571056e-03	5.987093926559043e-03	
2.400000793103448e-09	4.000000157894736e-01	8.579909717437811e-03	5.599151342185051e-03	
2.400000793103448e-09	5.000000210526315e-01	2.553322016672271e-02	2.202183836442560e-02	
2.400000793103448e-09	6.000000263157893e-01	8.970081405746620e-02	3.703445601780314e-02	
2.400000793103448e-09	7.000000315789472e-01	1.209178105183810e-01	5.752053122880483e-02	
2.400000793103448e-09	8.000000368421051e-01	9.403899873649051e-02	5.962198362462260e-02	
2.400000793103448e-09	9.000000421052630e-01	1.407958359344491e-01	1.015065697892415e-01	
2.400000793103448e-09	1.000000047368421e+00	2.279708676617270e-01	1.188709827029541e-01	
2.400000793103448e-09	1.100000052631579e+00	2.879077951123600e-01	1.073229968811863e-01	
2.400000793103448e-09	1.600000078947368e+00	3.672106002610249e-01	1.113883336402673e-01	
2.400000793103448e-09	1.700000084210526e+00	4.218814889160393e-01	8.273905507238617e-02	
2.400000793103448e-09	1.300000063157895e+00	3.564097082513543e-01	1.119596314206851e-01	
2.400000793103448e-09	1.500000073684210e+00	3.713034820280630e-01	1.212626268280618e-01	
2.400000793103448e-09	1.400000068421052e+00	3.631090273287730e-01	1.271025878217374e-01	
2.400000793103448e-09	1.200000057894737e+00	3.566479035676353e-01	1.550265902128227e-01	
2.500000827586207e-09	1.000000000000000e-01	0.000000000000000e+00	0.000000000000000e+00	
2.500000827586207e-09	2.000000052631579e-01	0.000000000000000e+00	0.000000000000000e+00	
2.400000793103448e-09	1.800000089473684e+00	3.326843184901550e-01	9.936054734405737e-02	
2.400000793103448e-09	1.900000094736842e+00	3.331545772478877e-01	1.002645640305791e-01	
2.400000793103448e-09	2.000000100000000e+00	3.412609397732294e-01	9.028765139293744e-02	
2.500000827586207e-09	3.000000105263158e-01	7.269882423547355e-03	5.679271634321918e-03	
2.500000827586207e-09	4.000000157894736e-01	8.452323172628761e-03	6.628036570100822e-03	
2.500000827586207e-09	5.000000210526315e-01	1.346029307884309e-02	1.177739277874359e-02	
2.500000827586207e-09	6.000000263157893e-01	6.889435635041007e-02	3.890938887589847e-02	
2.500000827586207e-09	7.000000315789472e-01	9.968670392542101e-02	5.708219594999982e-02	
2.500000827586207e-09	8.000000368421051e-01	9.915718249304872e-02	5.307230033709737e-02	
2.500000827586207e-09	9.000000421052630e-01	1.363297563671875e-01	9.803217735686946e-02	
2.500000827586207e-09	1.000000047368421e+00	2.241589101334718e-01	9.725577397590636e-02	
2.500000827586207e-09	1.100000052631579e+00	3.109183849013751e-01	1.088803050536024e-01	
2.500000827586207e-09	1.200000057894737e+00	3.221224091196648e-01	1.250744579145718e-01	
2.500000827586207e-09	1.300000063157895e+00	3.705517319482990e-01	1.431075756001261e-01	
2.500000827586207e-09	1.400000068421052e+00	3.607721877525274e-01	1.330446801983804e-01	
2.500000827586207e-09	1.500000073684210e+00	3.698724422363646e-01	1.296517409670355e-01	
2.500000827586207e-09	1.600000078947368e+00	3.868196570335042e-01	1.363134058085819e-01	
2.500000827586207e-09	1.700000084210526e+00	3.626617308805812e-01	1.127731228783089e-01	
2.600000862068965e-09	1.000000000000000e-01	0.000000000000000e+00	0.000000000000000e+00	
2.500000827586207e-09	1.800000089473684e+00	3.789768453461698e-01	1.153327535790511e-01	
2.600000862068965e-09	2.000000052631579e-01	0.000000000000000e+00	0.000000000000000e+00	
2.500000827586207e-09	1.900000094736842e+00	3.840936296417055e-01	1.162060674075427e-01	
2.500000827586207e-09	2.000000100000000e+00	3.694035766442164e-01	1.191572817319055e-01	
2.600000862068965e-09	3.000000105263158e-01	5.140412409235846e-03	5.517948783662492e-03	
2.600000862068965e-09	4.000000157894736e-01	6.296327209365839e-03	5.656009314782260e-03	
2.600000862068965e-09	5.000000210526315e-01	1.195722614827568e-02	9.766942276062944e-03	
2.600000862068965e-09	6.000000263157893e-01	6.955125435994611e-02	3.358856166235832e-02	
2.600000862068965e-09	7.000000315789472e-01	1.081793755769415e-01	6.043942387441482e-02	
2.600000862068965e-09	8.000000368421051e-01	8.673435600379335e-02	5.880485007019424e-02	
2.600000862068965e-09	9.000000421052630e-01	1.338719630104871e-01	7.715204310203325e-02	
2.600000862068965e-09	1.000000047368421e+00	2.061621015187491e-01	9.607754897239297e-02	
2.600000862068965e-09	1.100000052631579e+00	2.579978481762168e-01	1.058275893373193e-01	
2.600000862068965e-09	1.200000057894737e+00	3.235779216458376e-01	1.207857146444788e-01	
2.600000862068965e-09	1.300000063157895e+00	3.461315531763099e-01	1.208101241254716e-01	
2.600000862068965e-09	1.400000068421052e+00	3.753192556311693e-01	1.110509993965388e-01	
2.600000862068965e-09	1.500000073684210e+00	3.825467696934651e-01	1.137789802072606e-01	
2.600000862068965e-09	1.600000078947368e+00	3.671308047792473e-01	1.192880095116693e-01	
2.600000862068965e-09	1.700000084210526e+00	3.800243396232026e-01	1.119523096360909e-01	
2.600000862068965e-09	1.800000089473684e+00	3.886459879529099e-01	1.136648688606595e-01	
2.700000896551724e-09	1.000000000000000e-01	0.000000000000000e+00	0.000000000000000e+00	
2.700000896551724e-09	2.000000052631579e-01	0.000000000000000e+00	0.000000000000000e+00	
2.600000862068965e-09	1.900000094736842e+00	3.703335290575137e-01	9.437577613140506e-02	
2.600000862068965e-09	2.000000100000000e+00	3.622479780946197e-01	1.141570159214575e-01	
2.700000896551724e-09	3.000000105263158e-01	5.106665122883143e-03	4.410278158693964e-03	
2.700000896551724e-09	4.000000157894736e-01	5.484830346329702e-03	4.868527731148962e-03	
2.700000896551724e-09	5.000000210526315e-01	1.494992641036092e-02	9.813589818913700e-03	
2.700000896551724e-09	6.000000263157893e-01	5.626954611210717e-02	2.929318541986748e-02	
2.700000896551724e-09	7.000000315789472e-01	9.302173769447206e-02	5.506415815887180e-02	
2.700000896551724e-09	8.000000368421051e-01	8.518324354382353e-02	6.559499229458178e-02	
2.700000896551724e-09	9.000000421052630e-01	1.152752526112660e-01	7.513910695610587e-02	
2.700000896551724e-09	1.000000047368421e+00	1.953710648142623e-01	9.523240324134129e-02	
2.700000896551724e-09	1.100000052631579e+00	2.825580590614257e-01	1.098524233546512e-01	
2.700000896551724e-09	1.200000057894737e+00	3.340553714935900e-01	1.210556876922782e-01	
2.700000896551724e-09	1.300000063157895e+00	3.771855400318164e-01	1.341394910924231e-01	
2.700000896551724e-09	1.400000068421052e+00	3.655476379682786e-01	1.407270154606364e-01	
2.800000931034482e-09	1.000000000000000e-01	0.000000000000000e+00	0.000000000000000e+00	
2.700000896551724e-09	1.500000073684210e+00	3.492755176784753e-01	1.215404453265387e-01	
2.700000896551724e-09	1.600000078947368e+00	3.890959776766453e-01	1.024085884716113e-01	
2.800000931034482e-09	2.000000052631579e-01	0.000000000000000e+00	0.000000000000000e+00	
2.700000896551724e-09	1.700000084210526e+00	3.724465177535170e-01	9.264287034727561e-02	
2.700000896551724e-09	1.800000089473684e+00	3.648730415443275e-01	9.366435643060966e-02	
2.700000896551724e-09	1.900000094736842e+00	4.030508547269827e-01	1.085828999930377e-01	
2.700000896551724e-09	2.000000100000000e+00	3.753266976196533e-01	1.315291147010830e-01	
2.800000931034482e-09	3.000000105263158e-01	5.158866711892291e-03	5.955156927909876e-03	
2.800000931034482e-09	4.000000157894736e-01	5.318714511667602e-03	5.373227885265865e-03	
2.800000931034482e-09	5.000000210526315e-01	9.234549973937523e-03	7.877886958556847e-03	
2.800000931034482e-09	6.000000263157893e-01	6.243602204069236e-02	3.461422586332218e-02	
2.800000931034482e-09	7.000000315789472e-01	1.006464173317967e-01	6.259787235729258e-02	
2.800000931034482e-09	8.000000368421051e-01	8.616194212082003e-02	6.683389217406857e-02	
2.800000931034482e-09	9.000000421052630e-01	1.138269647979840e-01	7.508416897377002e-02	
2.800000931034482e-09	1.000000047368421e+00	2.077242304706725e-01	1.004165020226257e-01	
2.800000931034482e-09	1.100000052631579e+00	2.680160577632015e-01	1.155059395741758e-01	
2.800000931034482e-09	1.200000057894737e+00	3.846049855117325e-01	1.407881830831762e-01	
2.800000931034482e-09	1.300000063157895e+00	3.403485665064596e-01	1.177093975817275e-01	
2.800000931034482e-09	1.400000068421052e+00	3.172419297869502e-01	1.466918469329962e-01	
2.900000965517241e-09	1.000000000000000e-01	0.000000000000000e+00	0.000000000000000e+00	
2.800000931034482e-09	1.500000073684210e+00	3.383801859234647e-01	1.488847846698459e-01	
2.900000965517241e-09	2.000000052631579e-01	0.000000000000000e+00	0.000000000000000e+00	
2.800000931034482e-09	1.600000078947368e+00	3.660305675734695e-01	1.164250990272917e-01	
2.800000931034482e-09	1.700000084210526e+00	4.043353298379335e-01	1.336334132685530e-01	
2.800000931034482e-09	1.800000089473684e+00	4.520617875128538e-01	1.159061018933807e-01	
2.800000931034482e-09	1.900000094736842e+00	4.015962938634580e-01	1.088127079487141e-01	
2.800000931034482e-09	2.000000100000000e+00	3.743790923214800e-01	1.232105148619216e-01	
2.900000965517241e-09	3.000000105263158e-01	3.506111645438378e-03	4.316386534396259e-03	
2.900000965517241e-09	4.000000157894736e-01	5.961814611058535e-03	5.202164464684541e-03	
2.900000965517241e-09	5.000000210526315e-01	1.138418867766479e-02	7.359400633060883e-03	
2.900000965517241e-09	6.000000263157893e-01	5.503120127483803e-02	2.389006029928479e-02	
2.900000965517241e-09	7.000000315789472e-01	9.177373850189734e-02	6.432022871261793e-02	
2.900000965517241e-09	8.000000368421051e-01	9.067186114236848e-02	6.745451392888188e-02	
2.900000965517241e-09	9.000000421052630e-01	1.042636529255720e-01	6.656509377600645e-02	
2.900000965517241e-09	1.000000047368421e+00	1.754855525127432e-01	8.236905958080734e-02	
2.900000965517241e-09	1.100000052631579e+00	2.582698196257937e-01	1.312696350865540e-01	
2.900000965517241e-09	1.200000057894737e+00	3.370282834760454e-01	1.250991488400862e-01	
2.900000965517241e-09	1.300000063157895e+00	3.676250092156497e-01	1.263441449634240e-01	
2.900000965517241e-09	1.400000068421052e+00	3.500980865078605e-01	1.231066568152255e-01	
3.000001000000000e-09	1.000000000000000e-01	0.000000000000000e+00	0.000000000000000e+00	
2.900000965517241e-09	1.500000073684210e+00	3.774942531306006e-01	1.463753940310973e-01	
3.000001000000000e-09	2.000000052631579e-01	0.000000000000000e+00	0.000000000000000e+00	
2.900000965517241e-09	1.600000078947368e+00	4.064505489941238e-01	1.032343995770895e-01	
2.900000965517241e-09	1.700000084210526e+00	4.032262635435133e-01	8.991910912668855e-02	
2.900000965517241e-09	1.800000089473684e+00	3.940212884427511e-01	9.797121278464596e-02	
2.900000965517241e-09	1.900000094736842e+00	3.918833628064286e-01	1.324934728879745e-01	
2.900000965517241e-09	2.000000100000000e+00	3.920358651790238e-01	1.286863359582492e-01	
3.000001000000000e-09	3.000000105263158e-01	3.649504596597069e-03	7.119524674912650e-03	
3.000001000000000e-09	4.000000157894736e-01	7.844586668787901e-03	5.984371822806543e-03	
3.000001000000000e-09	5.000000210526315e-01	1.125010050214967e-02	7.475829951094198e-03	
3.000001000000000e-09	6.000000263157893e-01	4.362888878576313e-02	2.541328014975222e-02	
3.000001000000000e-09	7.000000315789472e-01	9.445154174609674e-02	5.710218608803738e-02	
3.000001000000000e-09	8.000000368421051e-01	1.102055815872554e-01	6.244694354269219e-02	
3.000001000000000e-09	9.000000421052630e-01	9.262053250226553e-02	5.400103536615960e-02	
3.000001000000000e-09	1.000000047368421e+00	1.846551322782226e-01	8.789167630374395e-02	
3.000001000000000e-09	1.100000052631579e+00	2.653957011582816e-01	1.260095414451771e-01	
3.000001000000000e-09	1.200000057894737e+00	3.146861190258723e-01	1.486500046223594e-01	
3.000001000000000e-09	1.300000063157895e+00	3.311853353145490e-01	1.199335922942836e-01	
3.000001000000000e-09	1.400000068421052e+00	3.449876051954529e-01	1.212206441310186e-01	
3.000001000000000e-09	1.500000073684210e+00	3.758537562197532e-01	1.558955742297101e-01	
3.000001000000000e-09	1.600000078947368e+00	3.917562371657619e-01	1.426382773589049e-01	
3.000001000000000e-09	1.700000084210526e+00	3.956871564478029e-01	1.264574019377735e-01	
3.000001000000000e-09	1.800000089473684e+00	4.129073868815276e-01	8.671184823547808e-02	
3.000001000000000e-09	1.900000094736842e+00	3.639600447948911e-01	8.921219487308643e-02	
3.000001000000000e-09	2.000000100000000e+00	3.369785483816642e-01	9.106325444671734e-02	
