1.000000000000000e-10	3.000000105263158e-01	1.103849835430308e-02	1.304237510941764e-02	
1.000000000000000e-10	6.000000263157893e-01	5.691501297457156e-02	4.083258588494994e-02	
1.000000000000000e-10	5.000000210526315e-01	3.203555247479035e-02	2.540867266148309e-02	
1.000000000000000e-10	4.000000157894736e-01	1.679001732234412e-02	1.647740229545312e-02	
1.000000000000000e-10	1.000000000000000e-01	4.945263207892110e-03	1.897613573658491e-03	
1.000000000000000e-10	2.000000052631579e-01	6.747381586592507e-03	3.687333524447114e-03	
1.000000000000000e-10	7.000000315789472e-01	8.889163057987107e-02	3.631199705340635e-02	
1.000000000000000e-10	8.000000368421051e-01	1.072042411821593e-01	1.961066740396636e-02	
1.000000000000000e-10	9.000000421052630e-01	1.216207639156537e-01	1.842933581170516e-02	
1.000000000000000e-10	1.000000047368421e+00	1.206828307734972e-01	1.794216910071089e-02	
1.000000000000000e-10	1.100000052631579e+00	1.148207598481657e-01	1.729147958604044e-02	
1.000000000000000e-10	1.200000057894737e+00	1.061961770774414e-01	2.000959189015829e-02	
1.000000000000000e-10	1.300000063157895e+00	9.768024484853796e-02	2.227532503402898e-02	
1.000000000000000e-10	1.400000068421052e+00	8.726307883397456e-02	2.228210529130270e-02	
1.000000000000000e-10	1.500000073684210e+00	7.904346548109704e-02	2.242650728600301e-02	
1.000000000000000e-10	1.700000084210526e+00	6.401895976431468e-02	2.018405431840125e-02	
1.000000000000000e-10	1.600000078947368e+00	6.918146204833203e-02	2.078066754944318e-02	
1.000000000000000e-10	1.800000089473684e+00	5.759220132397763e-02	1.818595882532969e-02	
1.000000000000000e-10	1.900000094736842e+00	5.434281789304812e-02	1.396339779180655e-02	
1.000000000000000e-10	2.000000100000000e+00	5.181146552730231e-02	1.319601004047801e-02	
2.000000344827586e-10	2.000000052631579e-01	6.881523408825384e-03	7.586385994433953e-03	
2.000000344827586e-10	1.000000000000000e-01	5.156730016142161e-03	3.148983180919445e-03	
2.000000344827586e-10	3.000000105263158e-01	1.096923058920685e-02	1.350957541613514e-02	
2.000000344827586e-10	4.000000157894736e-01	2.333104625363503e-02	2.457094996897422e-02	
2.000000344827586e-10	5.000000210526315e-01	6.100970765489185e-02	6.004199972431468e-02	
2.000000344827586e-10	6.000000263157893e-01	9.648099542178180e-02	5.954724366489912e-02	
2.000000344827586e-10	7.000000315789472e-01	1.340799844848238e-01	4.732062715587339e-02	
2.000000344827586e-10	8.000000368421051e-01	1.798629831854826e-01	5.092719837396475e-02	
2.000000344827586e-10	9.000000421052630e-01	2.063214065725128e-01	4.789518478272595e-02	
2.000000344827586e-10	1.000000047368421e+00	2.242118792854289e-01	3.496421107134089e-02	
2.000000344827586e-10	1.100000052631579e+00	2.299364945494703e-01	3.666862323914018e-02	
2.000000344827586e-10	1.200000057894737e+00	2.268576525243645e-01	3.131187860021630e-02	
2.000000344827586e-10	1.300000063157895e+00	2.179576660982596e-01	3.035236988565556e-02	
2.000000344827586e-10	1.400000068421052e+00	1.983692437873965e-01	3.033966433407500e-02	
2.000000344827586e-10	1.500000073684210e+00	1.917253566728482e-01	3.722334018955183e-02	
2.000000344827586e-10	1.600000078947368e+00	1.745311066630080e-01	4.271619569136993e-02	
2.000000344827586e-10	1.700000084210526e+00	1.599745943462690e-01	5.021839182372233e-02	
2.000000344827586e-10	1.800000089473684e+00	1.415531764832306e-01	4.887867310444377e-02	
2.000000344827586e-10	1.900000094736842e+00	1.210149249296068e-01	4.373823516585317e-02	
2.000000344827586e-10	2.000000100000000e+00	1.152844222595633e-01	4.425975099262539e-02	
3.000000689655172e-10	1.000000000000000e-01	5.504679366179702e-03	2.753742611194864e-03	
3.000000689655172e-10	2.000000052631579e-01	7.880627926280836e-03	9.440968950418523e-03	
3.000000689655172e-10	3.000000105263158e-01	1.266443385380111e-02	1.548976758060911e-02	
3.000000689655172e-10	4.000000157894736e-01	3.506940620330017e-02	3.596154508633772e-02	
3.000000689655172e-10	5.000000210526315e-01	6.264642613349064e-02	5.350499300276892e-02	
3.000000689655172e-10	6.000000263157893e-01	1.370786580390601e-01	9.724548690961787e-02	
3.000000689655172e-10	7.000000315789472e-01	1.750711513229152e-01	9.865997104177403e-02	
3.000000689655172e-10	8.000000368421051e-01	2.200579842031991e-01	7.811423698584115e-02	
3.000000689655172e-10	9.000000421052630e-01	2.662799300239221e-01	7.783100655247699e-02	
3.000000689655172e-10	1.000000047368421e+00	3.006017031677860e-01	6.449977674060932e-02	
3.000000689655172e-10	1.100000052631579e+00	3.240569638316876e-01	4.968254349636594e-02	
3.000000689655172e-10	1.200000057894737e+00	3.162908835883712e-01	6.357091963487789e-02	
3.000000689655172e-10	1.300000063157895e+00	3.188385904440559e-01	5.433830437320442e-02	
3.000000689655172e-10	1.400000068421052e+00	3.110330152170380e-01	6.423025504637968e-02	
3.000000689655172e-10	1.500000073684210e+00	2.911655906583066e-01	6.021674482315392e-02	
3.000000689655172e-10	1.600000078947368e+00	2.612355107158782e-01	5.892505173218487e-02	
3.000000689655172e-10	1.700000084210526e+00	2.541962380027734e-01	5.632830529015807e-02	
3.000000689655172e-10	1.800000089473684e+00	2.271445360173704e-01	6.411635438950937e-02	
3.000000689655172e-10	1.900000094736842e+00	2.131081362522979e-01	6.602530948316308e-02	
3.000000689655172e-10	2.000000100000000e+00	1.820613463170466e-01	6.372880011558026e-02	
4.000001034482759e-10	1.000000000000000e-01	5.806336947379084e-03	2.525893621798593e-03	
4.000001034482759e-10	2.000000052631579e-01	1.068615013016124e-02	1.151672684565343e-02	
4.000001034482759e-10	3.000000105263158e-01	1.691656082776998e-02	1.785978795788859e-02	
4.000001034482759e-10	4.000000157894736e-01	3.884309533865733e-02	3.371426044602800e-02	
4.000001034482759e-10	5.000000210526315e-01	7.937785249704365e-02	7.352052348577666e-02	
4.000001034482759e-10	6.000000263157893e-01	1.716236849336377e-01	1.274156608946969e-01	
4.000001034482759e-10	7.000000315789472e-01	2.353539068360550e-01	1.201797843703118e-01	
4.000001034482759e-10	8.000000368421051e-01	2.861619371643591e-01	1.123891521878402e-01	
4.000001034482759e-10	9.000000421052630e-01	3.312979632693798e-01	8.890909226050765e-02	
4.000001034482759e-10	1.000000047368421e+00	3.474331633020256e-01	8.694320428977026e-02	
4.000001034482759e-10	1.100000052631579e+00	3.891543924227076e-01	7.161608977624503e-02	
4.000001034482759e-10	1.200000057894737e+00	3.735295975321198e-01	7.902099605360600e-02	
4.000001034482759e-10	1.300000063157895e+00	3.791714960998217e-01	8.136832834987442e-02	
4.000001034482759e-10	1.400000068421052e+00	3.868053552496752e-01	8.204784631195539e-02	
4.000001034482759e-10	1.500000073684210e+00	3.671314537275474e-01	7.200731953971713e-02	
4.000001034482759e-10	1.600000078947368e+00	3.413939141736602e-01	6.046465789450125e-02	
4.000001034482759e-10	1.700000084210526e+00	3.168750330239947e-01	6.059960114714430e-02	
4.000001034482759e-10	1.800000089473684e+00	2.887873373845576e-01	6.788018444128564e-02	
4.000001034482759e-10	1.900000094736842e+00	2.584329698389975e-01	7.780853211308814e-02	
4.000001034482759e-10	2.000000100000000e+00	2.408095507738465e-01	8.595026590043500e-02	
5.000001379310345e-10	1.000000000000000e-01	6.837710919748149e-03	3.054915388164800e-03	
5.000001379310345e-10	2.000000052631579e-01	1.067593423881475e-02	1.234702817145735e-02	
5.000001379310345e-10	3.000000105263158e-01	2.155187409014791e-02	1.936994125519399e-02	
5.000001379310345e-10	4.000000157894736e-01	3.883319613424806e-02	3.437630577609607e-02	
5.000001379310345e-10	5.000000210526315e-01	8.858479552681302e-02	7.975123785512690e-02	
5.000001379310345e-10	6.000000263157893e-01	1.816247062714969e-01	1.087606199547748e-01	
5.000001379310345e-10	7.000000315789472e-01	2.585015384659628e-01	1.254055349845871e-01	
5.000001379310345e-10	8.000000368421051e-01	3.348368111593459e-01	1.318350258144311e-01	
5.000001379310345e-10	9.000000421052630e-01	3.705675876990636e-01	1.092287044274605e-01	
5.000001379310345e-10	1.000000047368421e+00	4.194611864871665e-01	1.150996662883352e-01	
5.000001379310345e-10	1.100000052631579e+00	4.483760327543494e-01	8.915380368202495e-02	
5.000001379310345e-10	1.200000057894737e+00	4.497677204025307e-01	6.328896210940457e-02	
5.000001379310345e-10	1.300000063157895e+00	4.420601275156343e-01	8.116762851576374e-02	
5.000001379310345e-10	1.400000068421052e+00	4.298275618709232e-01	8.476471150964472e-02	
5.000001379310345e-10	1.500000073684210e+00	3.958484918121297e-01	7.510845361590279e-02	
5.000001379310345e-10	1.600000078947368e+00	3.866122611748202e-01	7.531798105864186e-02	
5.000001379310345e-10	1.700000084210526e+00	3.604711608532387e-01	7.180221858389739e-02	
5.000001379310345e-10	1.800000089473684e+00	3.262142714206581e-01	8.456862149852715e-02	
5.000001379310345e-10	1.900000094736842e+00	2.898788748794254e-01	8.259439906538818e-02	
5.000001379310345e-10	2.000000100000000e+00	2.929210983796123e-01	9.013197607130716e-02	
6.000001724137931e-10	1.000000000000000e-01	7.728049948425514e-03	3.691123206960902e-03	
6.000001724137931e-10	2.000000052631579e-01	1.161990734193817e-02	1.286134758638579e-02	
6.000001724137931e-10	3.000000105263158e-01	2.220069176263524e-02	2.047669220007721e-02	
6.000001724137931e-10	4.000000157894736e-01	4.696824104882581e-02	3.689223098349952e-02	
6.000001724137931e-10	5.000000210526315e-01	9.549686349107368e-02	6.504042894639994e-02	
6.000001724137931e-10	6.000000263157893e-01	1.931849980849999e-01	1.009965942554511e-01	
6.000001724137931e-10	7.000000315789472e-01	2.817048016148735e-01	1.021910264990546e-01	
6.000001724137931e-10	8.000000368421051e-01	3.398063995500565e-01	1.438184906595567e-01	
6.000001724137931e-10	9.000000421052630e-01	4.334263818403302e-01	1.141060851803382e-01	
6.000001724137931e-10	1.000000047368421e+00	4.571993473970794e-01	8.349418259142093e-02	
6.000001724137931e-10	1.100000052631579e+00	4.746243497965106e-01	8.361829952242109e-02	
6.000001724137931e-10	1.200000057894737e+00	4.781468725727427e-01	9.565657880553209e-02	
6.000001724137931e-10	1.300000063157895e+00	4.619148893100199e-01	7.021592297072766e-02	
6.000001724137931e-10	1.400000068421052e+00	4.546638918897704e-01	7.541908163353683e-02	
6.000001724137931e-10	1.500000073684210e+00	4.302772106985918e-01	8.693511177215657e-02	
6.000001724137931e-10	1.600000078947368e+00	4.287584023440283e-01	9.108693922119478e-02	
6.000001724137931e-10	1.700000084210526e+00	3.805629300649088e-01	9.158654578610702e-02	
6.000001724137931e-10	1.800000089473684e+00	3.582351176812957e-01	9.946632895072535e-02	
6.000001724137931e-10	1.900000094736842e+00	3.295357027873271e-01	9.798592799601835e-02	
6.000001724137931e-10	2.000000100000000e+00	2.992722316867623e-01	1.092538877403454e-01	
7.000002068965517e-10	1.000000000000000e-01	8.335992732247291e-03	5.698175002631943e-03	
7.000002068965517e-10	2.000000052631579e-01	1.200931931496804e-02	8.638178691717315e-03	
7.000002068965517e-10	3.000000105263158e-01	2.514522254466816e-02	2.288231116701807e-02	
7.000002068965517e-10	4.000000157894736e-01	5.231067820342256e-02	4.097555666532130e-02	
7.000002068965517e-10	5.000000210526315e-01	1.214604468611531e-01	7.151117289370182e-02	
7.000002068965517e-10	6.000000263157893e-01	1.926831435967387e-01	1.001625503561082e-01	
7.000002068965517e-10	7.000000315789472e-01	2.721498984996762e-01	1.132667195556614e-01	
7.000002068965517e-10	8.000000368421051e-01	3.398281429251060e-01	1.236793725733841e-01	
7.000002068965517e-10	9.000000421052630e-01	4.038272297479010e-01	1.204676531784664e-01	
7.000002068965517e-10	1.000000047368421e+00	5.066691335161642e-01	8.528618714100152e-02	
7.000002068965517e-10	1.100000052631579e+00	4.961048531571358e-01	7.250118981196918e-02	
7.000002068965517e-10	1.200000057894737e+00	4.987362460717962e-01	8.881719557046905e-02	
7.000002068965517e-10	1.300000063157895e+00	4.957295417682491e-01	1.053756430907688e-01	
7.000002068965517e-10	1.400000068421052e+00	4.764748630100340e-01	1.111911555607901e-01	
7.000002068965517e-10	1.500000073684210e+00	4.715865463580130e-01	5.722161442054063e-02	
7.000002068965517e-10	1.600000078947368e+00	4.304774065220301e-01	1.192386662627890e-01	
7.000002068965517e-10	1.700000084210526e+00	4.280748659232851e-01	1.093320621804192e-01	
7.000002068965517e-10	1.800000089473684e+00	3.605645399446797e-01	9.712657417589401e-02	
7.000002068965517e-10	1.900000094736842e+00	3.349440206608169e-01	1.261997296109737e-01	
7.000002068965517e-10	2.000000100000000e+00	2.871656349534507e-01	1.190509511660146e-01	
8.000002413793102e-10	1.000000000000000e-01	1.090153183214916e-02	5.052278599303985e-03	
8.000002413793102e-10	2.000000052631579e-01	1.425056924558265e-02	1.124257459133659e-02	
8.000002413793102e-10	3.000000105263158e-01	3.204831306590615e-02	2.199793887735321e-02	
8.000002413793102e-10	4.000000157894736e-01	6.208508513405990e-02	5.368783510962249e-02	
8.000002413793102e-10	5.000000210526315e-01	1.241605987641709e-01	6.511981167797795e-02	
8.000002413793102e-10	6.000000263157893e-01	1.798920891751484e-01	8.829244501427157e-02	
8.000002413793102e-10	7.000000315789472e-01	2.173254510896522e-01	9.505437791560924e-02	
8.000002413793102e-10	8.000000368421051e-01	3.588582922440950e-01	1.382421546604814e-01	
8.000002413793102e-10	9.000000421052630e-01	4.635373970662021e-01	1.082970651005836e-01	
8.000002413793102e-10	1.000000047368421e+00	5.012487338751810e-01	8.442884636812258e-02	
8.000002413793102e-10	1.100000052631579e+00	5.093654516004307e-01	7.609462443476862e-02	
8.000002413793102e-10	1.200000057894737e+00	5.159694408647424e-01	7.857851015339035e-02	
8.000002413793102e-10	1.300000063157895e+00	5.019534212809512e-01	5.378461527541839e-02	
8.000002413793102e-10	1.400000068421052e+00	4.966204508350760e-01	8.671513812221865e-02	
8.000002413793102e-10	1.500000073684210e+00	4.726892353992446e-01	8.371186174271500e-02	
8.000002413793102e-10	1.600000078947368e+00	4.258091535366395e-01	7.365585512919526e-02	
8.000002413793102e-10	1.700000084210526e+00	4.040184963309022e-01	1.295509253089336e-01	
8.000002413793102e-10	1.800000089473684e+00	3.596608448530554e-01	1.096071807636883e-01	
8.000002413793102e-10	1.900000094736842e+00	3.425094272832940e-01	8.503127814305675e-02	
8.000002413793102e-10	2.000000100000000e+00	3.277002227482537e-01	1.119635528418199e-01	
9.000002758620689e-10	1.000000000000000e-01	1.044821362546124e-02	5.579263836890782e-03	
9.000002758620689e-10	2.000000052631579e-01	1.522702700975257e-02	1.526672437402290e-02	
9.000002758620689e-10	3.000000105263158e-01	3.202926268605143e-02	2.442038188225966e-02	
9.000002758620689e-10	4.000000157894736e-01	7.186402379226114e-02	5.178722560061541e-02	
9.000002758620689e-10	5.000000210526315e-01	1.393792288664717e-01	5.761288049656378e-02	
9.000002758620689e-10	6.000000263157893e-01	1.644984691236016e-01	7.359237626816563e-02	
9.000002758620689e-10	7.000000315789472e-01	2.097755745806632e-01	9.677890999715277e-02	
9.000002758620689e-10	8.000000368421051e-01	3.485797325163695e-01	1.376116133499910e-01	
9.000002758620689e-10	9.000000421052630e-01	4.226375730806541e-01	1.200274631836980e-01	
9.000002758620689e-10	1.000000047368421e+00	5.284826571116319e-01	7.994611373206860e-02	
9.000002758620689e-10	1.100000052631579e+00	5.416250414874707e-01	8.546172086482871e-02	
9.000002758620689e-10	1.200000057894737e+00	5.002074517394013e-01	8.546997092402162e-02	
9.000002758620689e-10	1.300000063157895e+00	4.977716773598064e-01	1.263467781493311e-01	
9.000002758620689e-10	1.400000068421052e+00	4.826653922212858e-01	1.070136836477966e-01	
9.000002758620689e-10	1.500000073684210e+00	4.407695566566329e-01	7.634905729871129e-02	
9.000002758620689e-10	1.600000078947368e+00	4.525826415656229e-01	7.854882536250890e-02	
9.000002758620689e-10	1.700000084210526e+00	4.092677202919409e-01	9.885940602731026e-02	
9.000002758620689e-10	1.800000089473684e+00	3.979327320048275e-01	1.194334363914529e-01	
9.000002758620689e-10	1.900000094736842e+00	3.889856115458085e-01	1.100398435810896e-01	
9.000002758620689e-10	2.000000100000000e+00	3.405758220612993e-01	1.226248844088023e-01	
1.000000310344828e-09	1.000000000000000e-01	1.314089341010543e-02	9.967000768047811e-03	
1.000000310344828e-09	2.000000052631579e-01	1.408861770745839e-02	8.748815587022481e-03	
1.000000310344828e-09	3.000000105263158e-01	2.958517070819069e-02	1.818671215408333e-02	
1.000000310344828e-09	4.000000157894736e-01	7.512425669139053e-02	4.814895508526928e-02	
1.000000310344828e-09	5.000000210526315e-01	1.466992108541942e-01	5.801400861965748e-02	
1.000000310344828e-09	6.000000263157893e-01	1.986449594242054e-01	7.990878498233117e-02	
1.000000310344828e-09	7.000000315789472e-01	1.908960583787226e-01	8.101680930068535e-02	
1.000000310344828e-09	8.000000368421051e-01	3.400857184302945e-01	1.371302447835563e-01	
1.000000310344828e-09	9.000000421052630e-01	4.422651705809788e-01	1.128016757381808e-01	
1.000000310344828e-09	1.000000047368421e+00	4.891601152715591e-01	9.355518411373576e-02	
1.000000310344828e-09	1.100000052631579e+00	5.013227700624456e-01	9.622674955949054e-02	
1.000000310344828e-09	1.200000057894737e+00	5.138510216108306e-01	8.630997593166712e-02	
1.000000310344828e-09	1.300000063157895e+00	4.805890124888820e-01	8.951743936607867e-02	
1.000000310344828e-09	1.400000068421052e+00	4.986473808407569e-01	7.060066271931756e-02	
1.000000310344828e-09	1.500000073684210e+00	4.633433856766521e-01	8.426031655226411e-02	
1.000000310344828e-09	1.600000078947368e+00	4.366311233207217e-01	1.126470648058339e-01	
1.000000310344828e-09	1.700000084210526e+00	4.365300328206457e-01	1.338026404049166e-01	
1.000000310344828e-09	1.800000089473684e+00	3.676308173458535e-01	9.819031168154113e-02	
1.000000310344828e-09	1.900000094736842e+00	3.656152142304029e-01	1.422347503475506e-01	
1.000000310344828e-09	2.000000100000000e+00	3.213242908709536e-01	9.164271517686939e-02	
1.100000344827586e-09	1.000000000000000e-01	1.287004465251467e-02	8.563674163954428e-03	
1.100000344827586e-09	2.000000052631579e-01	1.491867599147652e-02	8.412200311900705e-03	
1.100000344827586e-09	3.000000105263158e-01	2.479829439844539e-02	1.955262225552226e-02	
1.100000344827586e-09	4.000000157894736e-01	8.282651544151276e-02	5.001458839455916e-02	
1.100000344827586e-09	5.000000210526315e-01	1.606529795840117e-01	6.959368308516398e-02	
1.100000344827586e-09	6.000000263157893e-01	1.799792654796067e-01	8.239085534842727e-02	
1.100000344827586e-09	7.000000315789472e-01	1.836157496558477e-01	9.863869537293010e-02	
1.100000344827586e-09	8.000000368421051e-01	2.903930267883047e-01	9.132077134294214e-02	
1.100000344827586e-09	9.000000421052630e-01	4.039156421694878e-01	8.299324627589932e-02	
1.100000344827586e-09	1.000000047368421e+00	5.000085100088922e-01	8.494782504995055e-02	
1.100000344827586e-09	1.100000052631579e+00	5.376493022901412e-01	8.358179297541801e-02	
1.100000344827586e-09	1.200000057894737e+00	5.036769890647400e-01	8.752563795911202e-02	
1.100000344827586e-09	1.300000063157895e+00	4.784712986502410e-01	1.082013845012698e-01	
1.100000344827586e-09	1.400000068421052e+00	4.742517687625430e-01	9.100513602114142e-02	
1.100000344827586e-09	1.500000073684210e+00	4.654547823066842e-01	9.062681279485833e-02	
1.100000344827586e-09	1.600000078947368e+00	4.826749147107054e-01	9.992632814326001e-02	
1.100000344827586e-09	1.700000084210526e+00	4.018274802145660e-01	1.189197539382275e-01	
1.100000344827586e-09	1.800000089473684e+00	3.990616197078758e-01	1.074670477283603e-01	
1.100000344827586e-09	1.900000094736842e+00	4.045951688612687e-01	1.241882555442194e-01	
1.100000344827586e-09	2.000000100000000e+00	3.179007247783299e-01	1.406664564915605e-01	
1.200000379310345e-09	1.000000000000000e-01	8.891586406818934e-03	6.414170870229296e-03	
1.200000379310345e-09	2.000000052631579e-01	1.282781140756855e-02	8.955826293751433e-03	
1.200000379310345e-09	3.000000105263158e-01	2.659764611026878e-02	2.051860338521169e-02	
1.200000379310345e-09	4.000000157894736e-01	7.040069472617858e-02	4.669144852553034e-02	
1.200000379310345e-09	5.000000210526315e-01	1.499080591939302e-01	7.129805336693427e-02	
1.200000379310345e-09	6.000000263157893e-01	1.738562079419797e-01	8.083113586640689e-02	
1.200000379310345e-09	7.000000315789472e-01	1.617511095928874e-01	8.131163019347305e-02	
1.200000379310345e-09	8.000000368421051e-01	2.602846935826050e-01	1.247257030811949e-01	
1.200000379310345e-09	9.000000421052630e-01	4.325930621575654e-01	9.734502971209646e-02	
1.200000379310345e-09	1.000000047368421e+00	4.949856933929698e-01	7.978983676342313e-02	
1.200000379310345e-09	1.100000052631579e+00	5.204899878875338e-01	9.175430137385246e-02	
1.200000379310345e-09	1.200000057894737e+00	5.080828427934383e-01	9.480474101626374e-02	
1.200000379310345e-09	1.300000063157895e+00	5.468214220010653e-01	1.050851259696196e-01	
1.200000379310345e-09	1.400000068421052e+00	4.898572674384652e-01	8.507390841993520e-02	
1.200000379310345e-09	1.500000073684210e+00	4.615926136662735e-01	8.569800920263550e-02	
1.200000379310345e-09	1.600000078947368e+00	4.440755673112394e-01	9.515570569223560e-02	
1.200000379310345e-09	1.700000084210526e+00	4.653120508200866e-01	1.360466806656665e-01	
1.200000379310345e-09	1.800000089473684e+00	4.031064263911954e-01	1.319463518001821e-01	
1.200000379310345e-09	1.900000094736842e+00	3.372348857492524e-01	1.028388726449150e-01	
1.200000379310345e-09	2.000000100000000e+00	3.418640013151993e-01	9.606261048184121e-02	
1.300000413793104e-09	1.000000000000000e-01	1.364241947749468e-02	8.293773331931860e-03	
1.300000413793104e-09	2.000000052631579e-01	1.200158689629589e-02	1.027550018526719e-02	
1.300000413793104e-09	3.000000105263158e-01	1.404963624167155e-02	1.059570789895105e-02	
1.300000413793104e-09	4.000000157894736e-01	5.572700188675861e-02	2.922394160122407e-02	
1.300000413793104e-09	5.000000210526315e-01	1.494771013575656e-01	5.620857573496731e-02	
1.300000413793104e-09	6.000000263157893e-01	1.478819919769386e-01	6.288034482688334e-02	
1.300000413793104e-09	7.000000315789472e-01	1.457443890607206e-01	9.872387904138126e-02	
1.300000413793104e-09	8.000000368421051e-01	2.396802512393803e-01	1.077974818478879e-01	
1.300000413793104e-09	9.000000421052630e-01	4.258090053646308e-01	6.410168314879863e-02	
1.300000413793104e-09	1.000000047368421e+00	5.165088335817611e-01	9.936349747222203e-02	
1.300000413793104e-09	1.100000052631579e+00	5.327188291351088e-01	1.171780034356007e-01	
1.300000413793104e-09	1.200000057894737e+00	4.981188303136624e-01	1.108430358193697e-01	
1.300000413793104e-09	1.300000063157895e+00	5.075830667299531e-01	8.784213951310045e-02	
1.300000413793104e-09	1.400000068421052e+00	5.008581925358454e-01	9.734218821015035e-02	
1.300000413793104e-09	1.500000073684210e+00	4.299912945794909e-01	1.068721529089853e-01	
1.300000413793104e-09	1.600000078947368e+00	4.702533548651983e-01	9.525181103255190e-02	
1.300000413793104e-09	1.700000084210526e+00	4.345162076412703e-01	1.309916434569295e-01	
1.300000413793104e-09	1.800000089473684e+00	3.693928331723711e-01	1.310326323836851e-01	
1.300000413793104e-09	1.900000094736842e+00	3.854891880288182e-01	1.105110279852088e-01	
1.300000413793104e-09	2.000000100000000e+00	3.226431176707585e-01	1.136398360638644e-01	
1.400000448275862e-09	1.000000000000000e-01	1.356550877486292e-02	8.998620794672759e-03	
1.400000448275862e-09	2.000000052631579e-01	1.313458261740305e-02	1.039000069137472e-02	
1.400000448275862e-09	3.000000105263158e-01	1.425703703188394e-02	1.022083934463993e-02	
1.400000448275862e-09	4.000000157894736e-01	3.826731483953951e-02	3.497878873740886e-02	
1.400000448275862e-09	5.000000210526315e-01	1.666179914004355e-01	4.888594438372030e-02	
1.400000448275862e-09	6.000000263157893e-01	1.710049540575127e-01	8.025385290941858e-02	
1.400000448275862e-09	7.000000315789472e-01	1.711129810584346e-01	9.631052208817194e-02	
1.400000448275862e-09	8.000000368421051e-01	1.943589701771644e-01	1.450749453532056e-01	
1.400000448275862e-09	9.000000421052630e-01	4.047907606310691e-01	1.282063998165902e-01	
1.400000448275862e-09	1.000000047368421e+00	4.943360772904170e-01	9.578070819445916e-02	
1.400000448275862e-09	1.100000052631579e+00	5.196331718415468e-01	1.244173811589989e-01	
1.400000448275862e-09	1.200000057894737e+00	5.127952758748056e-01	7.940777106917347e-02	
1.400000448275862e-09	1.300000063157895e+00	5.089266043288528e-01	1.138249920324995e-01	
1.400000448275862e-09	1.400000068421052e+00	4.500495315105080e-01	8.131335348844573e-02	
1.400000448275862e-09	1.500000073684210e+00	4.473629228690731e-01	1.226275132932623e-01	
1.400000448275862e-09	1.600000078947368e+00	4.655866233889115e-01	1.064152377590888e-01	
1.400000448275862e-09	1.700000084210526e+00	3.982508766678704e-01	1.326901062654638e-01	
1.400000448275862e-09	1.800000089473684e+00	4.207428593675763e-01	1.349277046471928e-01	
1.400000448275862e-09	1.900000094736842e+00	3.571278731730849e-01	1.188507174156656e-01	
1.400000448275862e-09	2.000000100000000e+00	3.037378833954111e-01	7.418363229511261e-02	
1.500000482758621e-09	1.000000000000000e-01	1.228730934579427e-02	1.116790015604026e-02	
1.500000482758621e-09	2.000000052631579e-01	8.784203646375194e-03	3.589140236724195e-03	
1.500000482758621e-09	3.000000105263158e-01	1.500824003401917e-02	1.404378441166802e-02	
1.500000482758621e-09	4.000000157894736e-01	2.608060322844045e-02	3.046053991008396e-02	
1.500000482758621e-09	5.000000210526315e-01	1.406988706936744e-01	5.085286625033685e-02	
1.500000482758621e-09	6.000000263157893e-01	1.591625666288530e-01	7.520538597348972e-02	
1.500000482758621e-09	7.000000315789472e-01	1.606430805192924e-01	1.124834690719129e-01	
1.500000482758621e-09	8.000000368421051e-01	1.865747677762990e-01	1.114785155771908e-01	
1.500000482758621e-09	9.000000421052630e-01	3.445290516016532e-01	1.092866553246908e-01	
1.500000482758621e-09	1.000000047368421e+00	5.116117789910065e-01	9.890951559687979e-02	
1.500000482758621e-09	1.100000052631579e+00	4.929835454893349e-01	1.116933630115094e-01	
1.500000482758621e-09	1.200000057894737e+00	5.238286537397420e-01	8.490910501725533e-02	
1.500000482758621e-09	1.300000063157895e+00	4.984594509698050e-01	8.979827592789107e-02	
1.500000482758621e-09	1.400000068421052e+00	4.923061463930027e-01	1.144910938124915e-01	
1.500000482758621e-09	1.500000073684210e+00	4.700059882740144e-01	1.202879942903850e-01	
1.500000482758621e-09	1.600000078947368e+00	4.223706509260336e-01	1.268814991840822e-01	
1.500000482758621e-09	1.700000084210526e+00	3.939271609895970e-01	1.397233401436678e-01	
1.500000482758621e-09	1.800000089473684e+00	4.174916110991864e-01	1.093840664972020e-01	
1.500000482758621e-09	1.900000094736842e+00	3.319055274196989e-01	9.816803088193440e-02	
1.500000482758621e-09	2.000000100000000e+00	3.301057540833429e-01	1.071424692407250e-01	
1.600000517241379e-09	1.000000000000000e-01	1.152228473140322e-02	7.226640605029366e-03	
1.600000517241379e-09	2.000000052631579e-01	9.555333011410408e-03	5.514469303943404e-03	
1.600000517241379e-09	3.000000105263158e-01	1.361508162662625e-02	9.303860079183835e-03	
1.600000517241379e-09	4.000000157894736e-01	1.066468149844553e-02	8.578509242606057e-03	
1.600000517241379e-09	5.000000210526315e-01	1.164601470002658e-01	4.500196381009778e-02	
1.600000517241379e-09	6.000000263157893e-01	1.785737788832040e-01	8.479946591838362e-02	
1.600000517241379e-09	7.000000315789472e-01	1.557648070081964e-01	1.003610945482114e-01	
1.600000517241379e-09	8.000000368421051e-01	2.220177929771203e-01	8.374668425384596e-02	
1.600000517241379e-09	9.000000421052630e-01	3.451309236850335e-01	1.100816104585320e-01	
1.600000517241379e-09	1.000000047368421e+00	4.805696083137117e-01	1.158142710122834e-01	
1.600000517241379e-09	1.100000052631579e+00	4.944527293312641e-01	8.848536118813996e-02	
1.600000517241379e-09	1.200000057894737e+00	5.158997402047909e-01	9.674156163455551e-02	
1.600000517241379e-09	1.300000063157895e+00	4.742616962852035e-01	9.532595367534372e-02	
1.600000517241379e-09	1.400000068421052e+00	4.550823849936352e-01	1.044107507686675e-01	
1.600000517241379e-09	1.500000073684210e+00	4.620445160319854e-01	8.935665194875367e-02	
1.600000517241379e-09	1.600000078947368e+00	4.523407337106384e-01	1.299981928536710e-01	
1.600000517241379e-09	1.700000084210526e+00	4.138178402268775e-01	1.193943487160578e-01	
1.600000517241379e-09	1.800000089473684e+00	3.598717308625012e-01	1.214379828408997e-01	
1.600000517241379e-09	1.900000094736842e+00	3.832016674829155e-01	9.224052902849729e-02	
1.600000517241379e-09	2.000000100000000e+00	3.681243918383454e-01	9.784804474168285e-02	
1.700000551724138e-09	1.000000000000000e-01	1.060204481959638e-02	7.722969834349319e-03	
1.700000551724138e-09	2.000000052631579e-01	1.061675190017721e-02	6.730235815746131e-03	
1.700000551724138e-09	3.000000105263158e-01	1.254218962446532e-02	9.291165538320122e-03	
1.700000551724138e-09	4.000000157894736e-01	1.373930900140017e-02	9.461396622852194e-03	
1.700000551724138e-09	5.000000210526315e-01	1.093667650499620e-01	5.731333326912501e-02	
1.700000551724138e-09	6.000000263157893e-01	1.665776622504785e-01	8.036444772958426e-02	
1.700000551724138e-09	7.000000315789472e-01	1.458045227838192e-01	9.771945675451167e-02	
1.700000551724138e-09	8.000000368421051e-01	1.703843130218370e-01	1.165864401918658e-01	
1.700000551724138e-09	9.000000421052630e-01	3.123183915365316e-01	1.179196749678504e-01	
1.700000551724138e-09	1.000000047368421e+00	4.413958113571754e-01	1.001474522170966e-01	
1.700000551724138e-09	1.100000052631579e+00	5.186705367274416e-01	1.107010306102192e-01	
1.700000551724138e-09	1.200000057894737e+00	5.077852921550952e-01	9.233616691951069e-02	
1.700000551724138e-09	1.300000063157895e+00	4.991965768997303e-01	1.068316304849330e-01	
1.700000551724138e-09	1.400000068421052e+00	4.801453082663681e-01	9.616066273317191e-02	
1.700000551724138e-09	1.500000073684210e+00	4.608903036633595e-01	1.417895801885455e-01	
1.700000551724138e-09	1.600000078947368e+00	4.254188782195483e-01	9.367002670707313e-02	
1.700000551724138e-09	1.700000084210526e+00	4.188341958731808e-01	9.525402432076881e-02	
1.700000551724138e-09	1.800000089473684e+00	3.648903510038281e-01	9.801865962735833e-02	
1.700000551724138e-09	1.900000094736842e+00	3.634274972906920e-01	1.047612892762632e-01	
1.700000551724138e-09	2.000000100000000e+00	3.286773411623124e-01	9.256558578199950e-02	
1.800000586206896e-09	1.000000000000000e-01	9.235641715058276e-03	5.376265483716387e-03	
1.800000586206896e-09	2.000000052631579e-01	9.587621613002268e-03	6.806125908993930e-03	
1.800000586206896e-09	3.000000105263158e-01	1.272444781300728e-02	7.297385026757836e-03	
1.800000586206896e-09	4.000000157894736e-01	1.587259212479215e-02	1.754514678568861e-02	
1.800000586206896e-09	5.000000210526315e-01	8.385966933147190e-02	5.065914111450440e-02	
1.800000586206896e-09	6.000000263157893e-01	1.580262599096853e-01	7.316469908657647e-02	
1.800000586206896e-09	7.000000315789472e-01	1.355894772051868e-01	1.002284161315153e-01	
1.800000586206896e-09	8.000000368421051e-01	1.404517224489371e-01	7.822124224828911e-02	
1.800000586206896e-09	9.000000421052630e-01	2.635014732895644e-01	1.060148575174665e-01	
1.800000586206896e-09	1.000000047368421e+00	4.479404045326116e-01	8.745178563777344e-02	
1.800000586206896e-09	1.100000052631579e+00	4.675480480051509e-01	8.283083703206726e-02	
1.800000586206896e-09	1.200000057894737e+00	4.938384037152949e-01	9.290858471593662e-02	
1.800000586206896e-09	1.300000063157895e+00	4.953505577077174e-01	1.249974317576275e-01	
1.800000586206896e-09	1.400000068421052e+00	4.806133297189891e-01	7.874420298528817e-02	
1.800000586206896e-09	1.500000073684210e+00	4.886558042436032e-01	1.070995109563045e-01	
1.800000586206896e-09	1.600000078947368e+00	4.262001163777661e-01	1.147906170486064e-01	
1.800000586206896e-09	1.700000084210526e+00	3.903006888886748e-01	1.125004874019679e-01	
1.800000586206896e-09	1.800000089473684e+00	3.848852408472669e-01	8.879640822863484e-02	
1.800000586206896e-09	1.900000094736842e+00	3.661155169637535e-01	9.943185390088043e-02	
1.800000586206896e-09	2.000000100000000e+00	3.564728275599955e-01	1.051049760375243e-01	
1.900000620689655e-09	1.000000000000000e-01	3.748323859100934e-03	7.856718539866706e-03	
1.900000620689655e-09	2.000000052631579e-01	1.258338011323396e-02	8.535660687511475e-03	
1.900000620689655e-09	3.000000105263158e-01	1.478370125963497e-02	7.546257737782129e-03	
1.900000620689655e-09	4.000000157894736e-01	1.202246294106414e-02	1.199196462431915e-02	
1.900000620689655e-09	5.000000210526315e-01	6.308577782694344e-02	4.654845175261663e-02	
1.900000620689655e-09	6.000000263157893e-01	1.610891966923570e-01	7.630282277076962e-02	
1.900000620689655e-09	7.000000315789472e-01	1.129319273494388e-01	8.826457229320600e-02	
1.900000620689655e-09	8.000000368421051e-01	1.342068684782423e-01	8.721204964053327e-02	
1.900000620689655e-09	9.000000421052630e-01	2.413797715643002e-01	8.330964583438431e-02	
1.900000620689655e-09	1.000000047368421e+00	3.947272087252346e-01	1.552037340007096e-01	
1.900000620689655e-09	1.100000052631579e+00	5.068758772069829e-01	1.025518650651496e-01	
1.900000620689655e-09	1.200000057894737e+00	5.076934883647626e-01	7.555694661633716e-02	
1.900000620689655e-09	1.300000063157895e+00	4.729027993112999e-01	8.530742154344677e-02	
1.900000620689655e-09	1.400000068421052e+00	4.813765884539224e-01	1.164317452723631e-01	
1.900000620689655e-09	1.500000073684210e+00	4.820321882479944e-01	9.909907152816633e-02	
1.900000620689655e-09	1.600000078947368e+00	4.333865119818475e-01	7.763079425585274e-02	
1.900000620689655e-09	1.700000084210526e+00	3.978222533148983e-01	1.405892000742262e-01	
1.900000620689655e-09	1.800000089473684e+00	3.398729681334954e-01	6.689677931684428e-02	
1.900000620689655e-09	1.900000094736842e+00	3.442600342813719e-01	1.147498207586784e-01	
1.900000620689655e-09	2.000000100000000e+00	3.375475268792790e-01	1.081800241166767e-01	
2.000000655172414e-09	1.000000000000000e-01	4.137401573094405e-04	1.803451534596472e-03	
2.000000655172414e-09	2.000000052631579e-01	1.329813239082192e-02	8.978300801549252e-03	
2.000000655172414e-09	3.000000105263158e-01	1.102778733008639e-02	5.781922090270772e-03	
2.000000655172414e-09	4.000000157894736e-01	1.460593354341556e-02	1.128589125711989e-02	
2.000000655172414e-09	5.000000210526315e-01	5.757143534311511e-02	3.841268222982894e-02	
2.000000655172414e-09	6.000000263157893e-01	1.329842515456319e-01	6.391389629895958e-02	
2.000000655172414e-09	7.000000315789472e-01	1.218959940688919e-01	9.381622631509240e-02	
2.000000655172414e-09	8.000000368421051e-01	1.179180332119022e-01	1.116354693022286e-01	
2.000000655172414e-09	9.000000421052630e-01	2.208316632951608e-01	8.022941558119774e-02	
2.000000655172414e-09	1.000000047368421e+00	4.131516096768273e-01	1.399487880614130e-01	
2.000000655172414e-09	1.100000052631579e+00	5.036940387612656e-01	8.502280960572957e-02	
2.000000655172414e-09	1.200000057894737e+00	4.833680607505635e-01	8.021444009522374e-02	
2.000000655172414e-09	1.300000063157895e+00	5.127039351929779e-01	9.236185310131333e-02	
2.000000655172414e-09	1.400000068421052e+00	4.652713109304065e-01	1.097168468547129e-01	
2.000000655172414e-09	1.500000073684210e+00	4.671830554915674e-01	1.275658616753429e-01	
2.000000655172414e-09	1.600000078947368e+00	4.348416879235900e-01	1.047399458165454e-01	
2.000000655172414e-09	1.700000084210526e+00	4.103524351740348e-01	8.182792674905258e-02	
2.000000655172414e-09	1.800000089473684e+00	3.623321211765774e-01	1.462505487063005e-01	
2.000000655172414e-09	1.900000094736842e+00	3.485022158293408e-01	1.229616913450727e-01	
2.000000655172414e-09	2.000000100000000e+00	3.450403975249171e-01	1.153564813406128e-01	
2.100000689655173e-09	1.000000000000000e-01	0.000000000000000e+00	0.000000000000000e+00	
2.100000689655173e-09	2.000000052631579e-01	1.011058361014850e-02	5.742682701728528e-03	
2.100000689655173e-09	3.000000105263158e-01	1.101854319015272e-02	6.606050804764495e-03	
2.100000689655173e-09	4.000000157894736e-01	1.211287612341860e-02	9.561416674240026e-03	
2.100000689655173e-09	5.000000210526315e-01	5.225152270074026e-02	4.653539315127867e-02	
2.100000689655173e-09	6.000000263157893e-01	1.401170516322245e-01	6.770156386370792e-02	
2.100000689655173e-09	7.000000315789472e-01	1.316657545756373e-01	1.083268259925671e-01	
2.100000689655173e-09	8.000000368421051e-01	1.363078060481779e-01	1.020126355810511e-01	
2.100000689655173e-09	9.000000421052630e-01	2.043432788789670e-01	1.085480277391615e-01	
2.100000689655173e-09	1.000000047368421e+00	3.782845476971696e-01	1.291770415895592e-01	
2.100000689655173e-09	1.100000052631579e+00	4.888630214440058e-01	8.193927873110123e-02	
2.100000689655173e-09	1.200000057894737e+00	4.732053952577730e-01	8.991673124209826e-02	
2.100000689655173e-09	1.300000063157895e+00	4.800648791931375e-01	8.093436505075072e-02	
2.100000689655173e-09	1.400000068421052e+00	4.916073520672332e-01	9.549879178985801e-02	
2.100000689655173e-09	1.500000073684210e+00	4.331787259975043e-01	8.129006087939833e-02	
2.100000689655173e-09	1.600000078947368e+00	4.383419957799835e-01	1.440043195701184e-01	
2.100000689655173e-09	1.700000084210526e+00	4.095181393496443e-01	7.614972733410696e-02	
2.100000689655173e-09	1.800000089473684e+00	3.567165908296361e-01	8.561017718826332e-02	
2.200000724137931e-09	1.000000000000000e-01	0.000000000000000e+00	0.000000000000000e+00	
2.100000689655173e-09	1.900000094736842e+00	3.075686797956364e-01	8.353456047095990e-02	
2.100000689655173e-09	2.000000100000000e+00	3.539997175629700e-01	1.265563397459091e-01	
2.200000724137931e-09	2.000000052631579e-01	1.328533873011550e-02	8.441627149130236e-03	
2.200000724137931e-09	3.000000105263158e-01	1.280574811778223e-02	7.641186466441709e-03	
2.200000724137931e-09	4.000000157894736e-01	1.008924918806447e-02	6.552015232995602e-03	
2.200000724137931e-09	5.000000210526315e-01	3.627041171022297e-02	2.776457000697883e-02	
2.200000724137931e-09	6.000000263157893e-01	1.232199818182379e-01	5.735895433423552e-02	
2.200000724137931e-09	7.000000315789472e-01	1.273650018944332e-01	8.591798179815990e-02	
2.200000724137931e-09	8.000000368421051e-01	1.270792711737569e-01	8.122941083439740e-02	
2.200000724137931e-09	9.000000421052630e-01	1.994324977829010e-01	1.081766296597940e-01	
2.200000724137931e-09	1.000000047368421e+00	3.591089236899593e-01	8.644850230942941e-02	
2.200000724137931e-09	1.100000052631579e+00	4.707670579386146e-01	7.040553864403636e-02	
2.200000724137931e-09	1.200000057894737e+00	4.976257804151478e-01	8.209654638878763e-02	
2.200000724137931e-09	1.300000063157895e+00	5.376626135432423e-01	8.860950725714471e-02	
2.200000724137931e-09	1.400000068421052e+00	4.664363424928212e-01	1.040578200417460e-01	
2.200000724137931e-09	1.500000073684210e+00	4.604885545326775e-01	1.289880058565706e-01	
2.200000724137931e-09	1.600000078947368e+00	3.913139100717630e-01	7.524208324048537e-02	
2.200000724137931e-09	1.700000084210526e+00	3.724609312108876e-01	7.560588397904133e-02	
2.200000724137931e-09	1.800000089473684e+00	3.481958373645289e-01	1.155993741988921e-01	
2.200000724137931e-09	1.900000094736842e+00	3.330326281537531e-01	9.065049560140105e-02	
2.300000758620690e-09	1.000000000000000e-01	0.000000000000000e+00	0.000000000000000e+00	
2.200000724137931e-09	2.000000100000000e+00	3.643980542907849e-01	1.008777202298978e-01	
2.300000758620690e-09	2.000000052631579e-01	4.368508399248770e-03	6.428085400833507e-03	
2.300000758620690e-09	3.000000105263158e-01	1.408050768625263e-02	9.139233447604743e-03	
2.300000758620690e-09	4.000000157894736e-01	9.826276496341952e-03	9.083284331279095e-03	
2.300000758620690e-09	5.000000210526315e-01	1.984578681650653e-02	1.339363496887591e-02	
2.300000758620690e-09	6.000000263157893e-01	1.072364939406000e-01	6.865031932354199e-02	
2.300000758620690e-09	7.000000315789472e-01	1.212248829272103e-01	1.002358112542482e-01	
2.300000758620690e-09	8.000000368421051e-01	1.048955599975402e-01	7.581632279466009e-02	
2.300000758620690e-09	9.000000421052630e-01	1.710334153617571e-01	1.049915033980979e-01	
2.300000758620690e-09	1.000000047368421e+00	3.497857653108574e-01	1.533686817613792e-01	
2.300000758620690e-09	1.100000052631579e+00	4.368937500823435e-01	9.540319246998359e-02	
2.300000758620690e-09	1.200000057894737e+00	4.800526407292610e-01	9.614633888079850e-02	
2.300000758620690e-09	1.300000063157895e+00	5.068890903883781e-01	8.313830419459238e-02	
2.300000758620690e-09	1.400000068421052e+00	4.831589802732564e-01	1.027845986052010e-01	
2.400000793103448e-09	1.000000000000000e-01	0.000000000000000e+00	0.000000000000000e+00	
2.300000758620690e-09	1.500000073684210e+00	4.355168716429669e-01	1.121417891094983e-01	
2.300000758620690e-09	1.600000078947368e+00	4.035622362436603e-01	1.148170793104519e-01	
2.300000758620690e-09	1.700000084210526e+00	3.816289116553760e-01	9.080851013605336e-02	
2.300000758620690e-09	1.800000089473684e+00	3.798852752411900e-01	9.506511921213710e-02	
2.300000758620690e-09	1.900000094736842e+00	3.630235062405519e-01	1.161357373596912e-01	
2.300000758620690e-09	2.000000100000000e+00	3.225818946581758e-01	1.102079614674162e-01	
2.400000793103448e-09	2.000000052631579e-01	0.000000000000000e+00	0.000000000000000e+00	
2.400000793103448e-09	3.000000105263158e-01	1.031802452204800e-02	5.863397193243773e-03	
2.400000793103448e-09	4.000000157894736e-01	8.324735887654951e-03	6.365106106838023e-03	
2.400000793103448e-09	5.000000210526315e-01	1.684230759263030e-02	1.130356795354514e-02	
2.400000793103448e-09	6.000000263157893e-01	1.164525955257510e-01	6.211138690597328e-02	
2.400000793103448e-09	7.000000315789472e-01	1.209509195473264e-01	9.541582732656617e-02	
2.400000793103448e-09	8.000000368421051e-01	1.231612102041242e-01	8.502949049339016e-02
2.400000793103448e-09	1.200000057894737e+00	4.756266843961150e-01	1.051554334710768e-01	
2.400000793103448e-09	9.000000421052630e-01	1.621167876829871e-01	8.097800123004754e-02	
2.400000793103448e-09	1.000000047368421e+00	3.232086728477323e-01	1.018105994696139e-01	
2.400000793103448e-09	1.300000063157895e+00	4.809685774819663e-01	6.792149285010197e-02	
2.400000793103448e-09	1.400000068421052e+00	4.526334897020914e-01	9.362183677747091e-02	
2.400000793103448e-09	1.100000052631579e+00	4.507981913132933e-01	1.075079561541432e-01	
2.500000827586207e-09	1.000000000000000e-01	0.000000000000000e+00	0.000000000000000e+00	
2.500000827586207e-09	2.000000052631579e-01	0.000000000000000e+00	0.000000000000000e+00	
2.400000793103448e-09	1.500000073684210e+00	4.062564827284291e-01	8.155124608582356e-02	
2.400000793103448e-09	1.700000084210526e+00	3.557679919658376e-01	1.111225613979339e-01	
2.400000793103448e-09	1.600000078947368e+00	4.197577770438150e-01	1.050066061764415e-01	
2.400000793103448e-09	1.800000089473684e+00	3.859181132761543e-01	1.146157708271894e-01	
2.400000793103448e-09	2.000000100000000e+00	3.452615071953390e-01	9.329827609820199e-02	
2.400000793103448e-09	1.900000094736842e+00	3.550973651019395e-01	7.544729215191251e-02	
2.500000827586207e-09	3.000000105263158e-01	1.200676589865321e-02	6.766707526605252e-03	
2.500000827586207e-09	6.000000263157893e-01	7.284815958055821e-02	5.347449207289576e-02	
2.500000827586207e-09	7.000000315789472e-01	1.214347627616379e-01	8.258129140267279e-02	
2.500000827586207e-09	5.000000210526315e-01	2.087335601129802e-02	1.656643026749352e-02	
2.500000827586207e-09	8.000000368421051e-01	1.072175373721713e-01	6.674921616535316e-02	
2.500000827586207e-09	4.000000157894736e-01	1.132586373194317e-02	5.022469360100400e-03	
2.500000827586207e-09	9.000000421052630e-01	1.678052195611320e-01	9.472700743106179e-02	
2.500000827586207e-09	1.000000047368421e+00	2.923728312314250e-01	1.087690035656673e-01	
2.500000827586207e-09	1.100000052631579e+00	4.139938048623901e-01	1.080843573954778e-01	
2.500000827586207e-09	1.200000057894737e+00	4.603761615435769e-01	1.022301225026725e-01	
2.500000827586207e-09	1.300000063157895e+00	4.331294905220960e-01	9.133449549602697e-02	
2.500000827586207e-09	1.400000068421052e+00	4.657371223918735e-01	1.127000445216854e-01	
2.600000862068965e-09	1.000000000000000e-01	0.000000000000000e+00	0.000000000000000e+00	
2.600000862068965e-09	2.000000052631579e-01	0.000000000000000e+00	0.000000000000000e+00	
2.500000827586207e-09	1.500000073684210e+00	4.274581036920752e-01	8.899891895437527e-02	
2.500000827586207e-09	1.600000078947368e+00	3.825697126112483e-01	1.125530469299997e-01	
2.500000827586207e-09	1.700000084210526e+00	3.745174438539059e-01	1.108739428225103e-01	
2.500000827586207e-09	1.800000089473684e+00	3.940405872975034e-01	8.586871554583834e-02	
2.500000827586207e-09	2.000000100000000e+00	3.218147266556348e-01	1.167763828225877e-01	
2.500000827586207e-09	1.900000094736842e+00	3.406539377706694e-01	1.246215335481189e-01	
2.600000862068965e-09	3.000000105263158e-01	1.059659397767135e-02	9.126269072065348e-03	
2.600000862068965e-09	4.000000157894736e-01	9.904212755575820e-03	6.307993437356295e-03	
2.600000862068965e-09	6.000000263157893e-01	8.801222100839376e-02	5.701173702726061e-02	
2.600000862068965e-09	5.000000210526315e-01	1.487283907408187e-02	7.454169267302854e-03	
2.600000862068965e-09	7.000000315789472e-01	1.115432407561403e-01	7.779463225503611e-02	
2.600000862068965e-09	8.000000368421051e-01	1.179390605118045e-01	7.969777789463844e-02	
2.600000862068965e-09	9.000000421052630e-01	1.462425083219454e-01	1.139484093435831e-01	
2.600000862068965e-09	1.000000047368421e+00	2.650607056796737e-01	1.094166978081792e-01	
2.600000862068965e-09	1.200000057894737e+00	4.821500861083619e-01	9.971651579299629e-02	
2.600000862068965e-09	1.300000063157895e+00	4.685494767691430e-01	7.750349580318662e-02	
2.600000862068965e-09	1.100000052631579e+00	4.389251764536481e-01	1.044417905155287e-01	
2.600000862068965e-09	1.400000068421052e+00	4.967780740567340e-01	7.953693647443279e-02	
2.700000896551724e-09	1.000000000000000e-01	0.000000000000000e+00	0.000000000000000e+00	
2.600000862068965e-09	1.500000073684210e+00	4.137230853276114e-01	1.259114471563955e-01	
2.700000896551724e-09	2.000000052631579e-01	0.000000000000000e+00	0.000000000000000e+00	
2.600000862068965e-09	1.600000078947368e+00	4.354904155944164e-01	7.259195414945366e-02	
2.600000862068965e-09	1.700000084210526e+00	3.689192339797236e-01	9.443842556106874e-02	
2.600000862068965e-09	1.800000089473684e+00	3.751633771363542e-01	9.349710086990319e-02	
2.600000862068965e-09	1.900000094736842e+00	3.511509398183829e-01	8.893229555040182e-02	
2.600000862068965e-09	2.000000100000000e+00	3.321741969246687e-01	1.251566803028045e-01	
2.700000896551724e-09	3.000000105263158e-01	1.208232024650879e-02	6.584066292357216e-03	
2.700000896551724e-09	4.000000157894736e-01	1.224666207891935e-02	8.427714368154867e-03	
2.700000896551724e-09	5.000000210526315e-01	1.510148509543232e-02	7.954298189665048e-03	
2.700000896551724e-09	6.000000263157893e-01	6.958135400714398e-02	3.434443701181691e-02	
2.700000896551724e-09	7.000000315789472e-01	1.132988667812695e-01	8.471823897011925e-02	
2.700000896551724e-09	8.000000368421051e-01	1.146908102005135e-01	7.547803885876174e-02	
2.700000896551724e-09	9.000000421052630e-01	1.534315833431391e-01	9.218848143782948e-02	
2.700000896551724e-09	1.000000047368421e+00	2.583190442101724e-01	9.148906747907894e-02	
2.700000896551724e-09	1.100000052631579e+00	4.112867221539656e-01	1.099174711452055e-01	
2.700000896551724e-09	1.200000057894737e+00	4.666568711997198e-01	7.100030331045001e-02	
2.700000896551724e-09	1.300000063157895e+00	4.922415879482679e-01	8.803775562265131e-02	
2.700000896551724e-09	1.400000068421052e+00	4.352039145478434e-01	1.007056290349674e-01	
2.800000931034482e-09	1.000000000000000e-01	0.000000000000000e+00	0.000000000000000e+00	
2.700000896551724e-09	1.500000073684210e+00	4.545522042020694e-01	9.820898840737229e-02	
2.700000896551724e-09	1.600000078947368e+00	4.321965514238066e-01	1.220734831751960e-01	
2.800000931034482e-09	2.000000052631579e-01	0.000000000000000e+00	0.000000000000000e+00	
2.700000896551724e-09	1.700000084210526e+00	3.858925405636636e-01	1.300936600925345e-01	
2.700000896551724e-09	1.800000089473684e+00	3.625891510792257e-01	1.115282446956528e-01	
2.700000896551724e-09	1.900000094736842e+00	3.346808112259815e-01	9.918188573209973e-02	
2.700000896551724e-09	2.000000100000000e+00	3.169084525014157e-01	9.493233479889786e-02	
2.800000931034482e-09	3.000000105263158e-01	8.274504557578584e-03	7.412087965632140e-03	
2.800000931034482e-09	4.000000157894736e-01	1.409748043736170e-02	8.086926358041518e-03	
2.800000931034482e-09	5.000000210526315e-01	1.406625486279047e-02	9.773859996879302e-03	
2.800000931034482e-09	6.000000263157893e-01	5.425655361696137e-02	3.814212758299072e-02	
2.800000931034482e-09	7.000000315789472e-01	9.568387522979060e-02	8.540304656830018e-02	
2.800000931034482e-09	8.000000368421051e-01	1.077276412110202e-01	7.937877157885327e-02	
2.800000931034482e-09	9.000000421052630e-01	1.475901865653198e-01	1.068428649369687e-01	
2.800000931034482e-09	1.000000047368421e+00	2.331161134434544e-01	1.303246932255568e-01	
2.800000931034482e-09	1.100000052631579e+00	3.834084545422233e-01	1.494071072003638e-01	
2.800000931034482e-09	1.200000057894737e+00	4.733944208930336e-01	7.473023321806919e-02	
2.800000931034482e-09	1.300000063157895e+00	4.954773954152364e-01	7.715867529082848e-02	
2.800000931034482e-09	1.400000068421052e+00	4.559658816192079e-01	1.200487443495966e-01	
2.800000931034482e-09	1.500000073684210e+00	4.010995733146318e-01	1.000560988670219e-01	
2.900000965517241e-09	1.000000000000000e-01	0.000000000000000e+00	0.000000000000000e+00	
2.800000931034482e-09	1.600000078947368e+00	3.989155311645878e-01	1.158705304477148e-01	
2.900000965517241e-09	2.000000052631579e-01	0.000000000000000e+00	0.000000000000000e+00	
2.800000931034482e-09	1.700000084210526e+00	3.969137408662801e-01	1.052518953790731e-01	
2.800000931034482e-09	1.800000089473684e+00	3.805945269621781e-01	1.209139858533151e-01	
2.800000931034482e-09	1.900000094736842e+00	3.181158267759376e-01	1.111086044194048e-01	
2.800000931034482e-09	2.000000100000000e+00	3.418659651071430e-01	1.326323329603072e-01	
2.900000965517241e-09	3.000000105263158e-01	6.809760834717703e-03	7.770264385163518e-03	
2.900000965517241e-09	4.000000157894736e-01	1.108637467215886e-02	6.696495611581936e-03	
2.900000965517241e-09	5.000000210526315e-01	1.179159487543688e-02	8.911805986328165e-03	
2.900000965517241e-09	6.000000263157893e-01	5.262604800160760e-02	3.950414777200204e-02	
2.900000965517241e-09	7.000000315789472e-01	1.084590858312787e-01	8.084649410782083e-02	
2.900000965517241e-09	8.000000368421051e-01	1.142443071687863e-01	1.014800602328264e-01	
2.900000965517241e-09	9.000000421052630e-01	1.389338717425366e-01	9.183371993188111e-02	
2.900000965517241e-09	1.000000047368421e+00	2.567921162692332e-01	1.200887222930573e-01	
2.900000965517241e-09	1.100000052631579e+00	3.949354394751689e-01	1.324290751273103e-01	
2.900000965517241e-09	1.200000057894737e+00	4.652002012655435e-01	8.999648819877298e-02	
2.900000965517241e-09	1.300000063157895e+00	4.403723260009885e-01	8.251366751252413e-02	
2.900000965517241e-09	1.400000068421052e+00	4.384964409624575e-01	9.161376048625193e-02	
2.900000965517241e-09	1.500000073684210e+00	4.472417735544193e-01	9.080816606861188e-02	
3.000001000000000e-09	1.000000000000000e-01	0.000000000000000e+00	0.000000000000000e+00	
2.900000965517241e-09	1.600000078947368e+00	3.922911957485135e-01	1.105515651419950e-01	
3.000001000000000e-09	2.000000052631579e-01	0.000000000000000e+00	0.000000000000000e+00	
2.900000965517241e-09	1.700000084210526e+00	4.098258555348159e-01	9.347462961254423e-02	
2.900000965517241e-09	1.800000089473684e+00	3.871264435337466e-01	1.026936009796583e-01	
2.900000965517241e-09	1.900000094736842e+00	3.215650456841405e-01	1.067879400483061e-01	
2.900000965517241e-09	2.000000100000000e+00	3.353083883990945e-01	1.145382372331674e-01	
3.000001000000000e-09	3.000000105263158e-01	2.194877253207370e-03	6.866600337346305e-03	
3.000001000000000e-09	4.000000157894736e-01	1.126650913975307e-02	6.499403827894457e-03	
3.000001000000000e-09	5.000000210526315e-01	1.257692935684927e-02	8.239351009962368e-03	
3.000001000000000e-09	6.000000263157893e-01	3.831051435730042e-02	2.942386489582245e-02	
3.000001000000000e-09	7.000000315789472e-01	9.659717485237210e-02	8.041037154398747e-02	
3.000001000000000e-09	8.000000368421051e-01	9.591867684189885e-02	5.692587572673218e-02	
3.000001000000000e-09	9.000000421052630e-01	1.451337314804021e-01	8.949347723838939e-02	
3.000001000000000e-09	1.000000047368421e+00	2.333264033335014e-01	1.129129448732728e-01	
3.000001000000000e-09	1.100000052631579e+00	3.540267859360952e-01	1.250456237696286e-01	
3.000001000000000e-09	1.200000057894737e+00	4.986519936484496e-01	1.108615954322942e-01	
3.000001000000000e-09	1.300000063157895e+00	4.676138176029310e-01	9.696433587190238e-02	
3.000001000000000e-09	1.400000068421052e+00	4.184887571018275e-01	1.226589708707413e-01	
3.000001000000000e-09	1.500000073684210e+00	4.427225422631237e-01	1.057036349792964e-01	
3.000001000000000e-09	1.600000078947368e+00	4.060202805861700e-01	1.041273506146659e-01	
3.000001000000000e-09	1.700000084210526e+00	3.757725630795733e-01	1.105046664955306e-01	
3.000001000000000e-09	1.800000089473684e+00	3.291337719611093e-01	1.133988214424213e-01	
3.000001000000000e-09	1.900000094736842e+00	3.364767604723987e-01	1.182149100510929e-01	
3.000001000000000e-09	2.000000100000000e+00	3.220843196868957e-01	1.354603153112316e-01	

