1.000000000000000e-10	6.000000263157893e-01	2.142712709187684e-02	4.278992706460297e-03	
1.000000000000000e-10	4.000000157894736e-01	0.000000000000000e+00	0.000000000000000e+00	
1.000000000000000e-10	3.000000105263158e-01	0.000000000000000e+00	0.000000000000000e+00	
1.000000000000000e-10	2.000000052631579e-01	0.000000000000000e+00	0.000000000000000e+00	
1.000000000000000e-10	5.000000210526315e-01	0.000000000000000e+00	0.000000000000000e+00	
1.000000000000000e-10	1.000000000000000e-01	0.000000000000000e+00	0.000000000000000e+00	
1.000000000000000e-10	7.000000315789472e-01	2.741685022240909e-02	4.090308625244869e-03	
1.000000000000000e-10	1.200000057894737e+00	4.805459126173645e-02	8.238117036264309e-03	
1.000000000000000e-10	1.100000052631579e+00	2.950350464220297e-02	3.528991693094632e-03	
1.000000000000000e-10	8.000000368421051e-01	8.086252805194157e-02	3.354128431406159e-02	
1.000000000000000e-10	1.000000047368421e+00	2.209540364554333e-02	2.803101565570084e-03	
1.000000000000000e-10	9.000000421052630e-01	2.398290307601003e-02	3.587845481110999e-03	
1.000000000000000e-10	1.300000063157895e+00	8.796345656595463e-02	1.296931217970746e-02	
1.000000000000000e-10	1.400000068421052e+00	1.234919812378000e-01	9.721393434085073e-03	
1.000000000000000e-10	1.700000084210526e+00	1.011813195518573e-01	2.511766968331866e-02	
1.000000000000000e-10	1.800000089473684e+00	3.907583094019286e-02	3.777427497647185e-02	
1.000000000000000e-10	1.600000078947368e+00	1.130279436690309e-01	1.293111902318714e-02	
1.000000000000000e-10	1.500000073684210e+00	1.156528368782665e-01	1.222319768930934e-02	
1.000000000000000e-10	1.900000094736842e+00	4.238345046663729e-03	4.881484619927805e-03	
1.000000000000000e-10	2.000000100000000e+00	1.546368268196445e-03	1.787701265127784e-03	
2.000000344827586e-10	1.000000000000000e-01	0.000000000000000e+00	0.000000000000000e+00	
2.000000344827586e-10	2.000000052631579e-01	0.000000000000000e+00	0.000000000000000e+00	
2.000000344827586e-10	3.000000105263158e-01	0.000000000000000e+00	0.000000000000000e+00	
2.000000344827586e-10	4.000000157894736e-01	0.000000000000000e+00	0.000000000000000e+00	
2.000000344827586e-10	5.000000210526315e-01	0.000000000000000e+00	0.000000000000000e+00	
2.000000344827586e-10	6.000000263157893e-01	1.713706336667197e-03	7.469872740437603e-03	
2.000000344827586e-10	8.000000368421051e-01	3.271101776067924e-02	2.709628250788436e-02	
2.000000344827586e-10	1.000000047368421e+00	4.456636812549513e-02	1.902039977022134e-02	
2.000000344827586e-10	7.000000315789472e-01	1.365242809001617e-02	1.206765881078537e-02	
2.000000344827586e-10	1.100000052631579e+00	5.621272185594648e-02	1.809365157114290e-02	
2.000000344827586e-10	9.000000421052630e-01	3.693311141590973e-02	2.118606961028740e-02	
2.000000344827586e-10	1.200000057894737e+00	6.671375210453281e-02	2.258559937275490e-02	
2.000000344827586e-10	1.700000084210526e+00	1.369634895397508e-01	3.243820745829467e-02	
2.000000344827586e-10	1.600000078947368e+00	1.597965036164298e-01	3.925730606438408e-02	
2.000000344827586e-10	1.800000089473684e+00	1.102647989550625e-01	4.705331419089939e-02	
2.000000344827586e-10	1.500000073684210e+00	1.275385721635248e-01	2.373365362772188e-02	
2.000000344827586e-10	1.400000068421052e+00	9.700052769811568e-02	2.558020555383579e-02	
2.000000344827586e-10	1.300000063157895e+00	7.030000745493202e-02	2.333649083289007e-02	
2.000000344827586e-10	1.900000094736842e+00	2.447042927220636e-02	4.247389826994103e-02	
2.000000344827586e-10	2.000000100000000e+00	1.654137878973161e-03	5.355883135317032e-03	
3.000000689655172e-10	1.000000000000000e-01	0.000000000000000e+00	0.000000000000000e+00	
3.000000689655172e-10	2.000000052631579e-01	0.000000000000000e+00	0.000000000000000e+00	
3.000000689655172e-10	3.000000105263158e-01	0.000000000000000e+00	0.000000000000000e+00	
3.000000689655172e-10	4.000000157894736e-01	0.000000000000000e+00	0.000000000000000e+00	
3.000000689655172e-10	5.000000210526315e-01	0.000000000000000e+00	0.000000000000000e+00	
3.000000689655172e-10	6.000000263157893e-01	0.000000000000000e+00	0.000000000000000e+00	
3.000000689655172e-10	1.000000047368421e+00	1.832256990001666e-01	3.489264511861963e-02	
3.000000689655172e-10	9.000000421052630e-01	1.326307267578736e-01	4.679599450847192e-02	
3.000000689655172e-10	8.000000368421051e-01	3.317937049424598e-02	1.993824822516192e-02	
3.000000689655172e-10	1.100000052631579e+00	1.707229507314756e-01	3.878605130827480e-02	
3.000000689655172e-10	7.000000315789472e-01	1.057245735564819e-02	1.587249389599790e-02	
3.000000689655172e-10	1.200000057894737e+00	1.718101420945981e-01	2.723076851162127e-02	
3.000000689655172e-10	1.500000073684210e+00	2.568200772616321e-01	6.941428246517181e-02	
3.000000689655172e-10	1.400000068421052e+00	2.119897895718945e-01	4.829892406936510e-02	
3.000000689655172e-10	1.300000063157895e+00	1.945916159079050e-01	3.877409469761615e-02	
3.000000689655172e-10	1.700000084210526e+00	1.659146525088678e-01	6.445770271607959e-02	
3.000000689655172e-10	1.600000078947368e+00	2.097374657274112e-01	6.154493094792499e-02	
3.000000689655172e-10	1.800000089473684e+00	1.098850060939259e-01	4.429221929526038e-02	
3.000000689655172e-10	1.900000094736842e+00	5.647923850123936e-02	7.558685725279374e-02	
3.000000689655172e-10	2.000000100000000e+00	5.411101760516060e-03	2.149646382113563e-02	
4.000001034482759e-10	1.000000000000000e-01	0.000000000000000e+00	0.000000000000000e+00	
4.000001034482759e-10	2.000000052631579e-01	0.000000000000000e+00	0.000000000000000e+00	
4.000001034482759e-10	3.000000105263158e-01	0.000000000000000e+00	0.000000000000000e+00	
4.000001034482759e-10	4.000000157894736e-01	0.000000000000000e+00	0.000000000000000e+00	
4.000001034482759e-10	5.000000210526315e-01	0.000000000000000e+00	0.000000000000000e+00	
4.000001034482759e-10	6.000000263157893e-01	0.000000000000000e+00	0.000000000000000e+00	
4.000001034482759e-10	8.000000368421051e-01	7.555002340028420e-02	5.296070398711325e-02	
4.000001034482759e-10	9.000000421052630e-01	1.693169978174854e-01	7.419752330699439e-02	
4.000001034482759e-10	1.000000047368421e+00	2.186139132945823e-01	4.105756393982744e-02	
4.000001034482759e-10	7.000000315789472e-01	5.536714809999917e-02	4.437195449301868e-02	
4.000001034482759e-10	1.100000052631579e+00	1.969912276069620e-01	4.048493817692158e-02	
4.000001034482759e-10	1.200000057894737e+00	2.158695821653126e-01	6.803712440490761e-02	
4.000001034482759e-10	1.300000063157895e+00	2.374683215423569e-01	4.106534002374259e-02	
4.000001034482759e-10	1.400000068421052e+00	2.694892888156099e-01	3.954489781748671e-02	
4.000001034482759e-10	1.500000073684210e+00	2.893411241598942e-01	6.703918716652775e-02	
4.000001034482759e-10	1.600000078947368e+00	2.541844216145137e-01	7.283382992566013e-02	
4.000001034482759e-10	1.700000084210526e+00	1.942267126029655e-01	8.003109418374800e-02	
4.000001034482759e-10	1.800000089473684e+00	1.402391112191883e-01	6.065661124208584e-02	
4.000001034482759e-10	1.900000094736842e+00	6.924959037673992e-02	7.401765787789880e-02	
4.000001034482759e-10	2.000000100000000e+00	1.951317778755608e-02	4.630919179492024e-02	
5.000001379310345e-10	1.000000000000000e-01	0.000000000000000e+00	0.000000000000000e+00	
5.000001379310345e-10	2.000000052631579e-01	0.000000000000000e+00	0.000000000000000e+00	
5.000001379310345e-10	3.000000105263158e-01	0.000000000000000e+00	0.000000000000000e+00	
5.000001379310345e-10	4.000000157894736e-01	0.000000000000000e+00	0.000000000000000e+00	
5.000001379310345e-10	5.000000210526315e-01	0.000000000000000e+00	0.000000000000000e+00	
5.000001379310345e-10	6.000000263157893e-01	0.000000000000000e+00	0.000000000000000e+00	
5.000001379310345e-10	9.000000421052630e-01	1.482304406332630e-01	7.293648126135249e-02	
5.000001379310345e-10	8.000000368421051e-01	9.834507981178700e-02	6.122314611422438e-02	
5.000001379310345e-10	7.000000315789472e-01	1.043678165581720e-01	4.334660926090442e-02	
5.000001379310345e-10	1.000000047368421e+00	2.285858493626285e-01	9.118220605220047e-02	
5.000001379310345e-10	1.100000052631579e+00	2.536317277926991e-01	5.930614372992087e-02	
5.000001379310345e-10	1.200000057894737e+00	2.723428159618567e-01	7.298669281102851e-02	
5.000001379310345e-10	1.300000063157895e+00	3.100152369752092e-01	7.599891697314710e-02	
5.000001379310345e-10	1.400000068421052e+00	3.350706654808199e-01	4.953347286861666e-02	
5.000001379310345e-10	1.500000073684210e+00	3.226762894461376e-01	6.219766030781314e-02	
5.000001379310345e-10	1.600000078947368e+00	2.753937464868472e-01	7.255702788330824e-02	
5.000001379310345e-10	1.700000084210526e+00	2.114932991683033e-01	6.863287182604137e-02	
5.000001379310345e-10	1.800000089473684e+00	1.398186507826572e-01	6.712762537499181e-02	
5.000001379310345e-10	1.900000094736842e+00	8.231359083223856e-02	7.300134248125777e-02	
5.000001379310345e-10	2.000000100000000e+00	2.335472811510365e-02	4.775987398621651e-02	
6.000001724137931e-10	1.000000000000000e-01	0.000000000000000e+00	0.000000000000000e+00	
6.000001724137931e-10	2.000000052631579e-01	0.000000000000000e+00	0.000000000000000e+00	
6.000001724137931e-10	3.000000105263158e-01	0.000000000000000e+00	0.000000000000000e+00	
6.000001724137931e-10	4.000000157894736e-01	0.000000000000000e+00	0.000000000000000e+00	
6.000001724137931e-10	5.000000210526315e-01	0.000000000000000e+00	0.000000000000000e+00	
6.000001724137931e-10	6.000000263157893e-01	0.000000000000000e+00	0.000000000000000e+00	
6.000001724137931e-10	7.000000315789472e-01	1.113439647909467e-01	5.366801799518974e-02	
6.000001724137931e-10	9.000000421052630e-01	9.676566199346101e-02	7.343689267308834e-02	
6.000001724137931e-10	8.000000368421051e-01	1.128670899879054e-01	7.653054355134446e-02	
6.000001724137931e-10	1.000000047368421e+00	2.199614830573645e-01	1.023820229359022e-01	
6.000001724137931e-10	1.200000057894737e+00	3.475317140481987e-01	6.771021883411021e-02	
6.000001724137931e-10	1.100000052631579e+00	2.731314116570224e-01	8.673638385601852e-02	
6.000001724137931e-10	1.300000063157895e+00	3.692562961412459e-01	8.373959371969260e-02	
6.000001724137931e-10	1.500000073684210e+00	4.108601645587696e-01	7.858173592507363e-02	
6.000001724137931e-10	1.400000068421052e+00	4.145763845162068e-01	9.501314659780793e-02	
6.000001724137931e-10	1.600000078947368e+00	3.850846736343124e-01	9.731535026045919e-02	
6.000001724137931e-10	1.700000084210526e+00	2.591102808103921e-01	6.872761506649996e-02	
6.000001724137931e-10	1.800000089473684e+00	1.969513735030091e-01	1.197892975853129e-01	
6.000001724137931e-10	1.900000094736842e+00	9.203194558446828e-02	7.270411980814784e-02	
6.000001724137931e-10	2.000000100000000e+00	3.713322520596725e-02	5.268961187375942e-02	
7.000002068965517e-10	1.000000000000000e-01	0.000000000000000e+00	0.000000000000000e+00	
7.000002068965517e-10	2.000000052631579e-01	0.000000000000000e+00	0.000000000000000e+00	
7.000002068965517e-10	3.000000105263158e-01	0.000000000000000e+00	0.000000000000000e+00	
7.000002068965517e-10	4.000000157894736e-01	0.000000000000000e+00	0.000000000000000e+00	
7.000002068965517e-10	5.000000210526315e-01	0.000000000000000e+00	0.000000000000000e+00	
7.000002068965517e-10	6.000000263157893e-01	0.000000000000000e+00	0.000000000000000e+00	
7.000002068965517e-10	8.000000368421051e-01	1.632711447332066e-01	1.090394157764958e-01	
7.000002068965517e-10	7.000000315789472e-01	1.098382707598758e-01	6.231680575881281e-02	
7.000002068965517e-10	9.000000421052630e-01	9.817348049508828e-02	6.804462308229116e-02	
7.000002068965517e-10	1.000000047368421e+00	2.194597203290670e-01	9.165603947418197e-02	
7.000002068965517e-10	1.100000052631579e+00	3.196161626141375e-01	1.080757554671649e-01	
7.000002068965517e-10	1.200000057894737e+00	3.924583535905599e-01	1.087849952623046e-01	
7.000002068965517e-10	1.300000063157895e+00	4.490657548258207e-01	1.166996349468613e-01	
7.000002068965517e-10	1.400000068421052e+00	5.081639786229636e-01	8.807546385782074e-02	
7.000002068965517e-10	1.600000078947368e+00	3.915064974173800e-01	1.053670480849749e-01	
7.000002068965517e-10	1.500000073684210e+00	4.311434138028314e-01	1.076008061728874e-01	
7.000002068965517e-10	1.700000084210526e+00	2.768971979961413e-01	1.305145342667179e-01	
7.000002068965517e-10	1.800000089473684e+00	2.107229938643824e-01	1.355519225674153e-01	
7.000002068965517e-10	1.900000094736842e+00	1.081822529666178e-01	8.273534543181273e-02	
7.000002068965517e-10	2.000000100000000e+00	6.631853678220004e-02	8.210301978290063e-02	
8.000002413793102e-10	1.000000000000000e-01	0.000000000000000e+00	0.000000000000000e+00	
8.000002413793102e-10	2.000000052631579e-01	0.000000000000000e+00	0.000000000000000e+00	
8.000002413793102e-10	3.000000105263158e-01	0.000000000000000e+00	0.000000000000000e+00	
8.000002413793102e-10	4.000000157894736e-01	0.000000000000000e+00	0.000000000000000e+00	
8.000002413793102e-10	5.000000210526315e-01	0.000000000000000e+00	0.000000000000000e+00	
8.000002413793102e-10	6.000000263157893e-01	0.000000000000000e+00	0.000000000000000e+00	
8.000002413793102e-10	9.000000421052630e-01	9.796996495037633e-02	8.944943801457807e-02	
8.000002413793102e-10	7.000000315789472e-01	1.085077224307453e-01	5.193215721291510e-02	
8.000002413793102e-10	1.000000047368421e+00	1.720623722139227e-01	9.495573207230477e-02	
8.000002413793102e-10	8.000000368421051e-01	1.771706436115578e-01	8.678987834052153e-02	
8.000002413793102e-10	1.100000052631579e+00	2.909043617389315e-01	1.208072879598554e-01	
8.000002413793102e-10	1.200000057894737e+00	4.068858913172587e-01	1.092305593281193e-01	
8.000002413793102e-10	1.300000063157895e+00	5.094162898304557e-01	9.356549776549873e-02	
8.000002413793102e-10	1.400000068421052e+00	5.315372653422313e-01	8.453226724601715e-02	
8.000002413793102e-10	1.500000073684210e+00	4.632825949573147e-01	1.144845959785613e-01	
8.000002413793102e-10	1.600000078947368e+00	3.626443918590947e-01	1.314786891821390e-01	
8.000002413793102e-10	1.700000084210526e+00	2.770121826075564e-01	1.398747369091813e-01	
8.000002413793102e-10	1.800000089473684e+00	2.157965237239631e-01	1.241233359610975e-01	
8.000002413793102e-10	1.900000094736842e+00	1.041001951516685e-01	8.312972112340118e-02	
8.000002413793102e-10	2.000000100000000e+00	7.043828189674310e-02	8.167231876815267e-02	
9.000002758620689e-10	1.000000000000000e-01	0.000000000000000e+00	0.000000000000000e+00	
9.000002758620689e-10	2.000000052631579e-01	0.000000000000000e+00	0.000000000000000e+00	
9.000002758620689e-10	3.000000105263158e-01	0.000000000000000e+00	0.000000000000000e+00	
9.000002758620689e-10	4.000000157894736e-01	0.000000000000000e+00	0.000000000000000e+00	
9.000002758620689e-10	5.000000210526315e-01	0.000000000000000e+00	0.000000000000000e+00	
9.000002758620689e-10	6.000000263157893e-01	0.000000000000000e+00	0.000000000000000e+00	
9.000002758620689e-10	1.000000047368421e+00	1.917154936909081e-01	8.067212781472738e-02	
9.000002758620689e-10	9.000000421052630e-01	6.953517147801455e-02	5.788999017516319e-02	
9.000002758620689e-10	8.000000368421051e-01	2.234716007092926e-01	1.024977142141856e-01	
9.000002758620689e-10	7.000000315789472e-01	1.301731498917189e-01	5.541137185285377e-02	
9.000002758620689e-10	1.100000052631579e+00	3.243235475249653e-01	1.066829301085670e-01	
9.000002758620689e-10	1.200000057894737e+00	4.227712380965257e-01	1.101882993673700e-01	
9.000002758620689e-10	1.300000063157895e+00	5.031487720361094e-01	1.003177119529086e-01	
9.000002758620689e-10	1.400000068421052e+00	5.388849748803956e-01	6.999691047306220e-02	
9.000002758620689e-10	1.500000073684210e+00	5.301494384437404e-01	7.296672884920233e-02	
9.000002758620689e-10	1.600000078947368e+00	3.819274814109127e-01	1.414627189994392e-01	
9.000002758620689e-10	1.700000084210526e+00	2.730582829472267e-01	1.327291707096610e-01	
9.000002758620689e-10	1.800000089473684e+00	1.909322970393177e-01	1.227489360421732e-01	
9.000002758620689e-10	1.900000094736842e+00	1.502381342182640e-01	1.379576521048002e-01	
9.000002758620689e-10	2.000000100000000e+00	6.218426069953344e-02	6.590207258621676e-02	
1.000000310344828e-09	1.000000000000000e-01	0.000000000000000e+00	0.000000000000000e+00	
1.000000310344828e-09	2.000000052631579e-01	0.000000000000000e+00	0.000000000000000e+00	
1.000000310344828e-09	3.000000105263158e-01	0.000000000000000e+00	0.000000000000000e+00	
1.000000310344828e-09	4.000000157894736e-01	0.000000000000000e+00	0.000000000000000e+00	
1.000000310344828e-09	5.000000210526315e-01	0.000000000000000e+00	0.000000000000000e+00	
1.000000310344828e-09	6.000000263157893e-01	0.000000000000000e+00	0.000000000000000e+00	
1.000000310344828e-09	9.000000421052630e-01	9.120904696582410e-02	6.512623930819313e-02	
1.000000310344828e-09	8.000000368421051e-01	2.536912149890486e-01	8.027502977017630e-02	
1.000000310344828e-09	7.000000315789472e-01	1.060617179972907e-01	5.994695924895695e-02	
1.000000310344828e-09	1.000000047368421e+00	1.838777595152617e-01	8.903505900222881e-02	
1.000000310344828e-09	1.100000052631579e+00	2.657392683235363e-01	1.047488857553658e-01	
1.000000310344828e-09	1.200000057894737e+00	3.564927235198676e-01	1.253355942332964e-01	
1.000000310344828e-09	1.300000063157895e+00	4.456020571777673e-01	1.082596548762432e-01	
1.000000310344828e-09	1.400000068421052e+00	5.205398589610397e-01	7.564001598667890e-02	
1.000000310344828e-09	1.500000073684210e+00	5.065949283424903e-01	9.711353862666434e-02	
1.000000310344828e-09	1.600000078947368e+00	4.495333883205930e-01	1.571318093933362e-01	
1.000000310344828e-09	1.700000084210526e+00	2.949643352666441e-01	1.478869797352504e-01	
1.000000310344828e-09	1.800000089473684e+00	1.790788948288343e-01	1.244820137928511e-01	
1.000000310344828e-09	1.900000094736842e+00	1.500919075698477e-01	1.284798433979158e-01	
1.000000310344828e-09	2.000000100000000e+00	8.526949262478173e-02	9.430614402243759e-02	
1.100000344827586e-09	1.000000000000000e-01	0.000000000000000e+00	0.000000000000000e+00	
1.100000344827586e-09	2.000000052631579e-01	0.000000000000000e+00	0.000000000000000e+00	
1.100000344827586e-09	3.000000105263158e-01	0.000000000000000e+00	0.000000000000000e+00	
1.100000344827586e-09	4.000000157894736e-01	0.000000000000000e+00	0.000000000000000e+00	
1.100000344827586e-09	5.000000210526315e-01	0.000000000000000e+00	0.000000000000000e+00	
1.100000344827586e-09	6.000000263157893e-01	0.000000000000000e+00	0.000000000000000e+00	
1.100000344827586e-09	9.000000421052630e-01	8.367559418637376e-02	7.319257376529197e-02	
1.100000344827586e-09	8.000000368421051e-01	2.549999362089924e-01	8.105865008423033e-02	
1.100000344827586e-09	7.000000315789472e-01	1.133409403005194e-01	6.080293063856265e-02	
1.100000344827586e-09	1.000000047368421e+00	1.646442637876059e-01	7.907789240059618e-02	
1.100000344827586e-09	1.100000052631579e+00	2.157846439271777e-01	4.239987849745853e-02	
1.100000344827586e-09	1.200000057894737e+00	3.281088532130453e-01	1.090979471026435e-01	
1.100000344827586e-09	1.300000063157895e+00	4.620709753048223e-01	1.013865207914330e-01	
1.100000344827586e-09	1.400000068421052e+00	4.597688311643807e-01	1.123421791099894e-01	
1.100000344827586e-09	1.500000073684210e+00	4.490200702136677e-01	1.056045928041340e-01	
1.100000344827586e-09	1.600000078947368e+00	3.876662627389760e-01	1.243516302441621e-01	
1.100000344827586e-09	1.700000084210526e+00	3.044356536160724e-01	1.389049888080416e-01	
1.100000344827586e-09	1.800000089473684e+00	1.697633838170896e-01	1.243766141962852e-01	
1.100000344827586e-09	1.900000094736842e+00	1.526175402904500e-01	1.051785473123654e-01	
1.100000344827586e-09	2.000000100000000e+00	8.952986476061824e-02	1.016160548103345e-01	
1.200000379310345e-09	1.000000000000000e-01	0.000000000000000e+00	0.000000000000000e+00	
1.200000379310345e-09	2.000000052631579e-01	0.000000000000000e+00	0.000000000000000e+00	
1.200000379310345e-09	3.000000105263158e-01	0.000000000000000e+00	0.000000000000000e+00	
1.200000379310345e-09	4.000000157894736e-01	0.000000000000000e+00	0.000000000000000e+00	
1.200000379310345e-09	5.000000210526315e-01	0.000000000000000e+00	0.000000000000000e+00	
1.200000379310345e-09	6.000000263157893e-01	0.000000000000000e+00	0.000000000000000e+00	
1.200000379310345e-09	9.000000421052630e-01	9.610028247713104e-02	8.456068805485793e-02	
1.200000379310345e-09	1.000000047368421e+00	1.444730560967979e-01	5.330946406777713e-02	
1.200000379310345e-09	8.000000368421051e-01	2.471297793537787e-01	8.817178616808954e-02	
1.200000379310345e-09	7.000000315789472e-01	8.643174144852132e-02	6.478728903929121e-02	
1.200000379310345e-09	1.100000052631579e+00	2.195509147779813e-01	7.030127165719142e-02	
1.200000379310345e-09	1.200000057894737e+00	2.803749441719466e-01	6.996611620408164e-02	
1.200000379310345e-09	1.300000063157895e+00	4.134315976266413e-01	9.612194156586738e-02	
1.200000379310345e-09	1.400000068421052e+00	4.234054391189886e-01	9.894093531342733e-02	
1.200000379310345e-09	1.500000073684210e+00	4.104240581277759e-01	1.279960924888300e-01	
1.200000379310345e-09	1.600000078947368e+00	3.696823595321955e-01	1.055232216715018e-01	
1.200000379310345e-09	1.700000084210526e+00	2.305234495305623e-01	1.294235648548427e-01	
1.200000379310345e-09	1.800000089473684e+00	1.695434026024052e-01	1.393037917619718e-01	
1.200000379310345e-09	1.900000094736842e+00	1.415710666622234e-01	1.053836436557850e-01	
1.200000379310345e-09	2.000000100000000e+00	8.910625610723118e-02	1.111055421166688e-01	
1.300000413793104e-09	1.000000000000000e-01	0.000000000000000e+00	0.000000000000000e+00	
1.300000413793104e-09	2.000000052631579e-01	0.000000000000000e+00	0.000000000000000e+00	
1.300000413793104e-09	3.000000105263158e-01	0.000000000000000e+00	0.000000000000000e+00	
1.300000413793104e-09	4.000000157894736e-01	0.000000000000000e+00	0.000000000000000e+00	
1.300000413793104e-09	5.000000210526315e-01	0.000000000000000e+00	0.000000000000000e+00	
1.300000413793104e-09	6.000000263157893e-01	0.000000000000000e+00	0.000000000000000e+00	
1.300000413793104e-09	9.000000421052630e-01	1.299735829600442e-01	1.014177274169608e-01	
1.300000413793104e-09	1.000000047368421e+00	1.272186519789653e-01	7.106804009536541e-02	
1.300000413793104e-09	8.000000368421051e-01	2.731921425785501e-01	7.099089962561306e-02	
1.300000413793104e-09	7.000000315789472e-01	9.397487998669347e-02	6.707661144798108e-02	
1.300000413793104e-09	1.100000052631579e+00	2.095012571924796e-01	6.789667536676153e-02	
1.300000413793104e-09	1.200000057894737e+00	2.557170234429387e-01	7.291781700188292e-02	
1.300000413793104e-09	1.300000063157895e+00	3.342913016605000e-01	9.264674058375787e-02	
1.300000413793104e-09	1.400000068421052e+00	3.957299760027765e-01	6.994470119069492e-02	
1.300000413793104e-09	1.500000073684210e+00	3.853888996731368e-01	1.066518503794587e-01	
1.300000413793104e-09	1.600000078947368e+00	3.266954574420793e-01	1.319176607898766e-01	
1.300000413793104e-09	1.700000084210526e+00	2.599387169823759e-01	1.447627367816519e-01	
1.300000413793104e-09	1.800000089473684e+00	1.828078547090979e-01	1.323467116634037e-01	
1.300000413793104e-09	1.900000094736842e+00	1.365379936116030e-01	1.092091128481607e-01	
1.300000413793104e-09	2.000000100000000e+00	6.812012440808493e-02	9.536925011934377e-02	
1.400000448275862e-09	1.000000000000000e-01	0.000000000000000e+00	0.000000000000000e+00	
1.400000448275862e-09	2.000000052631579e-01	0.000000000000000e+00	0.000000000000000e+00	
1.400000448275862e-09	3.000000105263158e-01	0.000000000000000e+00	0.000000000000000e+00	
1.400000448275862e-09	4.000000157894736e-01	0.000000000000000e+00	0.000000000000000e+00	
1.400000448275862e-09	5.000000210526315e-01	0.000000000000000e+00	0.000000000000000e+00	
1.400000448275862e-09	6.000000263157893e-01	0.000000000000000e+00	0.000000000000000e+00	
1.400000448275862e-09	8.000000368421051e-01	2.662112903772269e-01	5.905879466498676e-02	
1.400000448275862e-09	1.000000047368421e+00	1.101018685330848e-01	5.107422316585138e-02	
1.400000448275862e-09	9.000000421052630e-01	9.765036618415765e-02	7.721434737647130e-02	
1.400000448275862e-09	7.000000315789472e-01	7.456780768126541e-02	6.661544200451783e-02	
1.400000448275862e-09	1.100000052631579e+00	1.694882174598880e-01	7.469343070143980e-02	
1.400000448275862e-09	1.200000057894737e+00	2.420063497775649e-01	7.873821645788036e-02	
1.400000448275862e-09	1.300000063157895e+00	2.357886166369286e-01	8.064233232110073e-02	
1.400000448275862e-09	1.400000068421052e+00	3.057855979098808e-01	8.615448531860632e-02	
1.400000448275862e-09	1.500000073684210e+00	3.145537068870971e-01	9.818353455585943e-02	
1.400000448275862e-09	1.600000078947368e+00	2.782142966650513e-01	1.104782382529345e-01	
1.400000448275862e-09	1.700000084210526e+00	2.149237964745914e-01	1.401887044103698e-01	
1.400000448275862e-09	1.800000089473684e+00	1.874980013064766e-01	1.138540916181977e-01	
1.400000448275862e-09	1.900000094736842e+00	1.179029873982087e-01	1.089816176745754e-01	
1.400000448275862e-09	2.000000100000000e+00	7.202750460610399e-02	9.004905541687869e-02	
1.500000482758621e-09	1.000000000000000e-01	0.000000000000000e+00	0.000000000000000e+00	
1.500000482758621e-09	2.000000052631579e-01	0.000000000000000e+00	0.000000000000000e+00	
1.500000482758621e-09	3.000000105263158e-01	0.000000000000000e+00	0.000000000000000e+00	
1.500000482758621e-09	4.000000157894736e-01	0.000000000000000e+00	0.000000000000000e+00	
1.500000482758621e-09	5.000000210526315e-01	0.000000000000000e+00	0.000000000000000e+00	
1.500000482758621e-09	6.000000263157893e-01	0.000000000000000e+00	0.000000000000000e+00	
1.500000482758621e-09	8.000000368421051e-01	2.934206882231857e-01	7.500917930004405e-02	
1.500000482758621e-09	9.000000421052630e-01	1.439654074561460e-01	7.906658137388593e-02	
1.500000482758621e-09	1.000000047368421e+00	1.292114219705728e-01	7.059531790940658e-02	
1.500000482758621e-09	7.000000315789472e-01	6.928060361954047e-02	7.974721987172723e-02	
1.500000482758621e-09	1.100000052631579e+00	1.658609420029979e-01	5.260169954441397e-02	
1.500000482758621e-09	1.200000057894737e+00	2.049920081461075e-01	6.000359686620953e-02	
1.500000482758621e-09	1.300000063157895e+00	2.359489732123584e-01	8.303655619297863e-02	
1.500000482758621e-09	1.400000068421052e+00	2.830888088443633e-01	7.377397023931383e-02	
1.500000482758621e-09	1.500000073684210e+00	2.788832765257562e-01	1.173981355537310e-01	
1.500000482758621e-09	1.600000078947368e+00	2.657572130830596e-01	1.090032286722068e-01	
1.500000482758621e-09	1.700000084210526e+00	2.241868238994840e-01	1.033145488348094e-01	
1.500000482758621e-09	1.800000089473684e+00	1.458821773269151e-01	8.678882811871949e-02	
1.500000482758621e-09	1.900000094736842e+00	1.291762008055230e-01	1.134317561952567e-01	
1.500000482758621e-09	2.000000100000000e+00	7.106908155172506e-02	8.927207963705860e-02	
1.600000517241379e-09	1.000000000000000e-01	0.000000000000000e+00	0.000000000000000e+00	
1.600000517241379e-09	2.000000052631579e-01	0.000000000000000e+00	0.000000000000000e+00	
1.600000517241379e-09	3.000000105263158e-01	0.000000000000000e+00	0.000000000000000e+00	
1.600000517241379e-09	4.000000157894736e-01	0.000000000000000e+00	0.000000000000000e+00	
1.600000517241379e-09	5.000000210526315e-01	0.000000000000000e+00	0.000000000000000e+00	
1.600000517241379e-09	6.000000263157893e-01	0.000000000000000e+00	0.000000000000000e+00	
1.600000517241379e-09	8.000000368421051e-01	2.730856325303228e-01	7.147449818075557e-02	
1.600000517241379e-09	9.000000421052630e-01	1.524287689508563e-01	9.206514642932914e-02	
1.600000517241379e-09	7.000000315789472e-01	4.510306515458853e-02	5.974813586198532e-02	
1.600000517241379e-09	1.000000047368421e+00	1.013966177457295e-01	7.033923185762593e-02	
1.600000517241379e-09	1.100000052631579e+00	1.658891326633840e-01	6.643302237862742e-02	
1.600000517241379e-09	1.200000057894737e+00	1.610900199074253e-01	4.831530662763318e-02	
1.600000517241379e-09	1.300000063157895e+00	2.090633292062477e-01	6.885314752045643e-02	
1.600000517241379e-09	1.400000068421052e+00	2.269068988308862e-01	6.104095712376983e-02	
1.600000517241379e-09	1.500000073684210e+00	2.513893896606909e-01	9.671273587634717e-02	
1.600000517241379e-09	1.600000078947368e+00	2.122648285192551e-01	1.095635193616113e-01	
1.600000517241379e-09	1.700000084210526e+00	1.574293395580091e-01	7.789521772155031e-02	
1.600000517241379e-09	1.800000089473684e+00	1.412657964374293e-01	9.478057717819084e-02	
1.600000517241379e-09	1.900000094736842e+00	1.021019877704665e-01	9.054871009286040e-02	
1.600000517241379e-09	2.000000100000000e+00	6.608882365695248e-02	7.434712293752113e-02	
1.700000551724138e-09	1.000000000000000e-01	0.000000000000000e+00	0.000000000000000e+00	
1.700000551724138e-09	2.000000052631579e-01	0.000000000000000e+00	0.000000000000000e+00	
1.700000551724138e-09	4.000000157894736e-01	0.000000000000000e+00	0.000000000000000e+00	
1.700000551724138e-09	3.000000105263158e-01	0.000000000000000e+00	0.000000000000000e+00	
1.700000551724138e-09	5.000000210526315e-01	0.000000000000000e+00	0.000000000000000e+00	
1.700000551724138e-09	6.000000263157893e-01	0.000000000000000e+00	0.000000000000000e+00	
1.700000551724138e-09	1.000000047368421e+00	1.272077961697397e-01	7.126355080054884e-02	
1.700000551724138e-09	8.000000368421051e-01	2.845789003711827e-01	5.293595122519872e-02	
1.700000551724138e-09	9.000000421052630e-01	1.596819962496195e-01	8.653667079962674e-02	
1.700000551724138e-09	7.000000315789472e-01	2.336870411130266e-02	4.437828895309618e-02	
1.700000551724138e-09	1.100000052631579e+00	1.219821400164711e-01	5.187199815926650e-02	
1.700000551724138e-09	1.200000057894737e+00	1.524253908764003e-01	5.833039929835123e-02	
1.700000551724138e-09	1.300000063157895e+00	1.846764958828031e-01	4.438181731864836e-02	
1.700000551724138e-09	1.400000068421052e+00	2.099730073173205e-01	5.527849463240796e-02	
1.700000551724138e-09	1.500000073684210e+00	1.991799937363704e-01	9.125918538586368e-02	
1.700000551724138e-09	1.600000078947368e+00	2.036290227201426e-01	8.867063659817929e-02	
1.700000551724138e-09	1.700000084210526e+00	1.615311504051988e-01	9.075755310185961e-02	
1.700000551724138e-09	1.800000089473684e+00	1.292586401761935e-01	7.335028911056636e-02	
1.700000551724138e-09	1.900000094736842e+00	9.444181963769002e-02	6.019757730952835e-02	
1.700000551724138e-09	2.000000100000000e+00	4.332780520899256e-02	3.932808209139280e-02	
1.800000586206896e-09	1.000000000000000e-01	0.000000000000000e+00	0.000000000000000e+00	
1.800000586206896e-09	2.000000052631579e-01	0.000000000000000e+00	0.000000000000000e+00	
1.800000586206896e-09	3.000000105263158e-01	0.000000000000000e+00	0.000000000000000e+00	
1.800000586206896e-09	4.000000157894736e-01	0.000000000000000e+00	0.000000000000000e+00	
1.800000586206896e-09	5.000000210526315e-01	0.000000000000000e+00	0.000000000000000e+00	
1.800000586206896e-09	6.000000263157893e-01	0.000000000000000e+00	0.000000000000000e+00	
1.800000586206896e-09	7.000000315789472e-01	0.000000000000000e+00	0.000000000000000e+00	
1.800000586206896e-09	8.000000368421051e-01	2.934046577613040e-01	7.968244142259506e-02	
1.800000586206896e-09	9.000000421052630e-01	1.486967175451602e-01	1.199319435029064e-01	
1.800000586206896e-09	1.000000047368421e+00	1.318055969213952e-01	7.696547891217929e-02	
1.800000586206896e-09	1.100000052631579e+00	1.615538802440460e-01	5.023538190224662e-02	
1.800000586206896e-09	1.200000057894737e+00	1.417642845217716e-01	5.640640948855842e-02	
1.800000586206896e-09	1.300000063157895e+00	1.823914076285118e-01	4.185701328007300e-02	
1.800000586206896e-09	1.400000068421052e+00	1.952455033190833e-01	6.109994394617751e-02	
1.800000586206896e-09	1.500000073684210e+00	2.100256948431696e-01	7.886040812930049e-02	
1.800000586206896e-09	1.600000078947368e+00	1.732680156992578e-01	8.488381192423734e-02	
1.800000586206896e-09	1.700000084210526e+00	1.658859561029042e-01	8.445343685687426e-02	
1.800000586206896e-09	1.800000089473684e+00	1.161441396900632e-01	8.188470671114921e-02	
1.800000586206896e-09	1.900000094736842e+00	7.605958548953071e-02	5.106201800423483e-02	
1.800000586206896e-09	2.000000100000000e+00	5.584064375547728e-02	5.466228087724059e-02	
1.900000620689655e-09	1.000000000000000e-01	0.000000000000000e+00	0.000000000000000e+00	
1.900000620689655e-09	2.000000052631579e-01	0.000000000000000e+00	0.000000000000000e+00	
1.900000620689655e-09	3.000000105263158e-01	0.000000000000000e+00	0.000000000000000e+00	
1.900000620689655e-09	4.000000157894736e-01	0.000000000000000e+00	0.000000000000000e+00	
1.900000620689655e-09	5.000000210526315e-01	0.000000000000000e+00	0.000000000000000e+00	
1.900000620689655e-09	6.000000263157893e-01	0.000000000000000e+00	0.000000000000000e+00	
1.900000620689655e-09	7.000000315789472e-01	3.399306479845544e-05	1.481723342376971e-04	
1.900000620689655e-09	8.000000368421051e-01	1.690692320104656e-01	1.571216812168095e-01	
1.900000620689655e-09	9.000000421052630e-01	1.351783925464360e-01	1.153029701327101e-01	
1.900000620689655e-09	1.000000047368421e+00	1.388211169264870e-01	7.409204026500256e-02	
1.900000620689655e-09	1.100000052631579e+00	1.254930715682793e-01	5.051200642234776e-02	
1.900000620689655e-09	1.200000057894737e+00	1.486270310280031e-01	4.047546039037806e-02	
1.900000620689655e-09	1.300000063157895e+00	1.467918217213097e-01	4.734246671894634e-02	
1.900000620689655e-09	1.400000068421052e+00	1.806903570216328e-01	4.440837763402891e-02	
1.900000620689655e-09	1.500000073684210e+00	1.825577877191768e-01	6.511241251826506e-02	
1.900000620689655e-09	1.600000078947368e+00	1.533778731914222e-01	6.902559372441346e-02	
1.900000620689655e-09	1.700000084210526e+00	1.368241279373767e-01	5.955909841242886e-02	
1.900000620689655e-09	1.800000089473684e+00	1.137604251528272e-01	5.909495472433000e-02	
1.900000620689655e-09	1.900000094736842e+00	8.956468913651172e-02	5.708798208664976e-02	
1.900000620689655e-09	2.000000100000000e+00	5.065110043003725e-02	4.189168744753722e-02	
2.000000655172414e-09	1.000000000000000e-01	0.000000000000000e+00	0.000000000000000e+00	
2.000000655172414e-09	2.000000052631579e-01	0.000000000000000e+00	0.000000000000000e+00	
2.000000655172414e-09	3.000000105263158e-01	0.000000000000000e+00	0.000000000000000e+00	
2.000000655172414e-09	4.000000157894736e-01	0.000000000000000e+00	0.000000000000000e+00	
2.000000655172414e-09	5.000000210526315e-01	0.000000000000000e+00	0.000000000000000e+00	
2.000000655172414e-09	6.000000263157893e-01	0.000000000000000e+00	0.000000000000000e+00	
2.000000655172414e-09	7.000000315789472e-01	7.211084203124681e-03	3.143238731478302e-02	
2.000000655172414e-09	8.000000368421051e-01	1.205567054339316e-01	1.422413380608493e-01	
2.000000655172414e-09	9.000000421052630e-01	1.648913244904502e-01	1.027490670858310e-01	
2.000000655172414e-09	1.000000047368421e+00	1.369306931175056e-01	7.326109817514137e-02	
2.000000655172414e-09	1.100000052631579e+00	1.478439247459143e-01	4.726502260886122e-02	
2.000000655172414e-09	1.200000057894737e+00	1.441573456712508e-01	5.207066497347885e-02	
2.000000655172414e-09	1.300000063157895e+00	1.648217437525325e-01	5.398155722645268e-02	
2.000000655172414e-09	1.400000068421052e+00	1.597564782149440e-01	4.421066240141992e-02	
2.000000655172414e-09	1.500000073684210e+00	1.791721977705733e-01	6.481730268429500e-02	
2.000000655172414e-09	1.600000078947368e+00	1.629640729972199e-01	7.511051800229523e-02	
2.000000655172414e-09	1.700000084210526e+00	1.240485133073536e-01	6.003560354622610e-02	
2.000000655172414e-09	1.800000089473684e+00	1.091243455560622e-01	6.647087711249847e-02	
2.000000655172414e-09	1.900000094736842e+00	7.565625013632829e-02	4.515890566063048e-02	
2.000000655172414e-09	2.000000100000000e+00	4.433351606152711e-02	2.688430739901913e-02	
2.100000689655173e-09	1.000000000000000e-01	0.000000000000000e+00	0.000000000000000e+00	
2.100000689655173e-09	2.000000052631579e-01	0.000000000000000e+00	0.000000000000000e+00	
2.100000689655173e-09	3.000000105263158e-01	0.000000000000000e+00	0.000000000000000e+00	
2.100000689655173e-09	4.000000157894736e-01	0.000000000000000e+00	0.000000000000000e+00	
2.100000689655173e-09	5.000000210526315e-01	0.000000000000000e+00	0.000000000000000e+00	
2.100000689655173e-09	6.000000263157893e-01	0.000000000000000e+00	0.000000000000000e+00	
2.100000689655173e-09	7.000000315789472e-01	0.000000000000000e+00	0.000000000000000e+00	
2.100000689655173e-09	8.000000368421051e-01	1.312048768339389e-01	1.491346894207149e-01	
2.100000689655173e-09	9.000000421052630e-01	1.871776082212057e-01	1.142927173540286e-01	
2.100000689655173e-09	1.000000047368421e+00	1.429946740562709e-01	7.122858756122299e-02	
2.100000689655173e-09	1.100000052631579e+00	1.500233512555323e-01	5.119977354679357e-02	
2.100000689655173e-09	1.200000057894737e+00	1.384492419964359e-01	4.433989499948505e-02	
2.100000689655173e-09	1.300000063157895e+00	1.454501526401847e-01	5.010074529618349e-02	
2.100000689655173e-09	1.400000068421052e+00	1.612132919623689e-01	6.315172437351392e-02	
2.100000689655173e-09	1.500000073684210e+00	1.479191945692590e-01	5.919201113003042e-02	
2.100000689655173e-09	1.600000078947368e+00	1.403994927464977e-01	5.224223447098209e-02	
2.100000689655173e-09	1.700000084210526e+00	1.338612461781562e-01	8.345592701866195e-02	
2.100000689655173e-09	1.800000089473684e+00	9.944181213665902e-02	6.480691366101859e-02	
2.100000689655173e-09	1.900000094736842e+00	8.263148090717057e-02	4.511856654826253e-02	
2.100000689655173e-09	2.000000100000000e+00	6.424746257695552e-02	4.107635093262958e-02	
2.200000724137931e-09	1.000000000000000e-01	0.000000000000000e+00	0.000000000000000e+00	
2.200000724137931e-09	2.000000052631579e-01	0.000000000000000e+00	0.000000000000000e+00	
2.200000724137931e-09	3.000000105263158e-01	0.000000000000000e+00	0.000000000000000e+00	
2.200000724137931e-09	4.000000157894736e-01	0.000000000000000e+00	0.000000000000000e+00	
2.200000724137931e-09	5.000000210526315e-01	0.000000000000000e+00	0.000000000000000e+00	
2.200000724137931e-09	6.000000263157893e-01	0.000000000000000e+00	0.000000000000000e+00	
2.200000724137931e-09	7.000000315789472e-01	0.000000000000000e+00	0.000000000000000e+00	
2.200000724137931e-09	8.000000368421051e-01	9.552986722775250e-02	1.486373566716920e-01	
2.200000724137931e-09	9.000000421052630e-01	2.538669722850195e-01	9.022544839370440e-02	
2.200000724137931e-09	1.000000047368421e+00	1.480880653292676e-01	7.563461569635867e-02	
2.200000724137931e-09	1.100000052631579e+00	1.480514975962575e-01	4.855711966186687e-02	
2.200000724137931e-09	1.200000057894737e+00	1.354875413811683e-01	4.625470035687916e-02	
2.200000724137931e-09	1.300000063157895e+00	1.354954269514971e-01	3.681809135625237e-02	
2.200000724137931e-09	1.400000068421052e+00	1.487946370351944e-01	5.354543118967152e-02	
2.200000724137931e-09	1.500000073684210e+00	1.353272768432478e-01	6.131043122317430e-02	
2.200000724137931e-09	1.600000078947368e+00	1.419694084334377e-01	5.741449391930641e-02	
2.200000724137931e-09	1.700000084210526e+00	1.198813953746607e-01	6.165167738802297e-02	
2.200000724137931e-09	1.800000089473684e+00	1.040188887369967e-01	5.858591721341196e-02	
2.200000724137931e-09	1.900000094736842e+00	6.429227926252379e-02	4.682827464828012e-02	
2.200000724137931e-09	2.000000100000000e+00	4.803954109762663e-02	3.683250316273187e-02	
2.300000758620690e-09	1.000000000000000e-01	0.000000000000000e+00	0.000000000000000e+00	
2.300000758620690e-09	2.000000052631579e-01	0.000000000000000e+00	0.000000000000000e+00	
2.300000758620690e-09	3.000000105263158e-01	0.000000000000000e+00	0.000000000000000e+00	
2.300000758620690e-09	4.000000157894736e-01	0.000000000000000e+00	0.000000000000000e+00	
2.300000758620690e-09	5.000000210526315e-01	0.000000000000000e+00	0.000000000000000e+00	
2.300000758620690e-09	6.000000263157893e-01	0.000000000000000e+00	0.000000000000000e+00	
2.300000758620690e-09	7.000000315789472e-01	0.000000000000000e+00	0.000000000000000e+00	
2.300000758620690e-09	8.000000368421051e-01	1.811499991653058e-01	1.571706131755781e-01	
2.300000758620690e-09	9.000000421052630e-01	1.994049834045225e-01	1.063688985625670e-01	
2.300000758620690e-09	1.000000047368421e+00	1.502772934354213e-01	7.129977395314742e-02	
2.300000758620690e-09	1.100000052631579e+00	1.380503263387207e-01	5.682500420179259e-02	
2.300000758620690e-09	1.200000057894737e+00	1.359600084278269e-01	4.054371007643613e-02	
2.300000758620690e-09	1.300000063157895e+00	1.394332712012145e-01	5.255154090270629e-02	
2.300000758620690e-09	1.400000068421052e+00	1.567056695705545e-01	5.170730088094742e-02	
2.300000758620690e-09	1.500000073684210e+00	1.432847664149458e-01	6.065321846565804e-02	
2.300000758620690e-09	1.600000078947368e+00	1.196742565281029e-01	4.798020162032142e-02	
2.300000758620690e-09	1.700000084210526e+00	1.123521116540284e-01	5.123157866396488e-02	
2.300000758620690e-09	1.800000089473684e+00	8.256795853084638e-02	4.282617635295595e-02	
2.300000758620690e-09	1.900000094736842e+00	6.829149775658146e-02	4.321268767576234e-02	
2.300000758620690e-09	2.000000100000000e+00	5.099367492956001e-02	4.394167557867970e-02	
2.400000793103448e-09	1.000000000000000e-01	0.000000000000000e+00	0.000000000000000e+00	
2.400000793103448e-09	2.000000052631579e-01	0.000000000000000e+00	0.000000000000000e+00	
2.400000793103448e-09	3.000000105263158e-01	0.000000000000000e+00	0.000000000000000e+00	
2.400000793103448e-09	4.000000157894736e-01	0.000000000000000e+00	0.000000000000000e+00	
2.400000793103448e-09	5.000000210526315e-01	0.000000000000000e+00	0.000000000000000e+00	
2.400000793103448e-09	6.000000263157893e-01	0.000000000000000e+00	0.000000000000000e+00	
2.400000793103448e-09	7.000000315789472e-01	0.000000000000000e+00	0.000000000000000e+00	
2.400000793103448e-09	8.000000368421051e-01	8.961512320698797e-02	1.382205389425559e-01	
2.400000793103448e-09	9.000000421052630e-01	2.136948734787348e-01	1.079753255846351e-01	
2.400000793103448e-09	1.000000047368421e+00	1.597156037230349e-01	6.553530252139983e-02	
2.400000793103448e-09	1.100000052631579e+00	1.500945206141904e-01	4.274965022765338e-02	
2.400000793103448e-09	1.200000057894737e+00	1.453900523989348e-01	4.543613155595436e-02	
2.400000793103448e-09	1.300000063157895e+00	1.262796190019300e-01	5.298953644576619e-02	
2.400000793103448e-09	1.400000068421052e+00	1.306840216552244e-01	4.709836904130713e-02	
2.400000793103448e-09	1.500000073684210e+00	1.473317255837286e-01	5.321118470197397e-02	
2.400000793103448e-09	1.600000078947368e+00	1.085422986107593e-01	5.359703505524852e-02	
2.400000793103448e-09	1.700000084210526e+00	1.092705763716505e-01	5.095718175288572e-02	
2.400000793103448e-09	1.800000089473684e+00	9.006950684361140e-02	5.396820481065481e-02	
2.400000793103448e-09	1.900000094736842e+00	5.825605995917503e-02	4.845642085526531e-02	
2.400000793103448e-09	2.000000100000000e+00	5.904118820350295e-02	3.823337043822038e-02	
2.500000827586207e-09	1.000000000000000e-01	0.000000000000000e+00	0.000000000000000e+00	
2.500000827586207e-09	2.000000052631579e-01	0.000000000000000e+00	0.000000000000000e+00	
2.500000827586207e-09	3.000000105263158e-01	0.000000000000000e+00	0.000000000000000e+00	
2.500000827586207e-09	4.000000157894736e-01	0.000000000000000e+00	0.000000000000000e+00	
2.500000827586207e-09	5.000000210526315e-01	0.000000000000000e+00	0.000000000000000e+00	
2.500000827586207e-09	6.000000263157893e-01	0.000000000000000e+00	0.000000000000000e+00	
2.500000827586207e-09	7.000000315789472e-01	0.000000000000000e+00	0.000000000000000e+00	
2.500000827586207e-09	8.000000368421051e-01	1.060067738808679e-01	1.474477660819548e-01	
2.500000827586207e-09	9.000000421052630e-01	1.580111929096598e-01	1.382325568935004e-01	
2.500000827586207e-09	1.000000047368421e+00	1.710469830437189e-01	7.616152763881319e-02	
2.500000827586207e-09	1.100000052631579e+00	1.558646431970619e-01	3.466626160496222e-02	
2.500000827586207e-09	1.200000057894737e+00	1.332531112282730e-01	4.445012807006145e-02	
2.500000827586207e-09	1.300000063157895e+00	1.405455823723931e-01	4.219559081783532e-02	
2.500000827586207e-09	1.400000068421052e+00	1.200115845499567e-01	4.499458602753229e-02	
2.500000827586207e-09	1.600000078947368e+00	1.089016481740401e-01	3.960411000877571e-02	
2.500000827586207e-09	1.500000073684210e+00	1.206429011727203e-01	5.946877618484812e-02	
2.500000827586207e-09	1.700000084210526e+00	1.198433860622631e-01	6.073192641484870e-02	
2.500000827586207e-09	1.800000089473684e+00	8.298845090786355e-02	4.295345398724559e-02	
2.500000827586207e-09	1.900000094736842e+00	6.856011212990255e-02	4.977717430345709e-02	
2.500000827586207e-09	2.000000100000000e+00	5.016643832728974e-02	4.192019970613146e-02	
2.600000862068965e-09	1.000000000000000e-01	0.000000000000000e+00	0.000000000000000e+00	
2.600000862068965e-09	2.000000052631579e-01	0.000000000000000e+00	0.000000000000000e+00	
2.600000862068965e-09	3.000000105263158e-01	0.000000000000000e+00	0.000000000000000e+00	
2.600000862068965e-09	4.000000157894736e-01	0.000000000000000e+00	0.000000000000000e+00	
2.600000862068965e-09	5.000000210526315e-01	0.000000000000000e+00	0.000000000000000e+00	
2.600000862068965e-09	6.000000263157893e-01	0.000000000000000e+00	0.000000000000000e+00	
2.600000862068965e-09	7.000000315789472e-01	0.000000000000000e+00	0.000000000000000e+00	
2.600000862068965e-09	8.000000368421051e-01	5.872548011029695e-02	1.229069559364244e-01	
2.600000862068965e-09	9.000000421052630e-01	1.382800525645898e-01	1.500338665605486e-01	
2.600000862068965e-09	1.000000047368421e+00	1.513742561660118e-01	7.857887215345481e-02	
2.600000862068965e-09	1.100000052631579e+00	1.387551030344552e-01	4.702452157278834e-02	
2.600000862068965e-09	1.200000057894737e+00	1.545169229045620e-01	4.569351749369148e-02	
2.600000862068965e-09	1.300000063157895e+00	1.359043003152632e-01	4.580570152258798e-02	
2.600000862068965e-09	1.400000068421052e+00	1.274518713184119e-01	4.652592311291572e-02	
2.600000862068965e-09	1.500000073684210e+00	1.323679513320602e-01	4.551698653157973e-02	
2.600000862068965e-09	1.600000078947368e+00	1.154084326586759e-01	4.632173819672102e-02	
2.600000862068965e-09	1.700000084210526e+00	1.150362705163877e-01	6.026053043749309e-02	
2.600000862068965e-09	1.800000089473684e+00	8.327150524414942e-02	4.378093268651402e-02	
2.600000862068965e-09	1.900000094736842e+00	5.890811247938053e-02	3.230634808368383e-02	
2.600000862068965e-09	2.000000100000000e+00	5.249397526370677e-02	4.072572599798229e-02	
2.700000896551724e-09	1.000000000000000e-01	0.000000000000000e+00	0.000000000000000e+00	
2.700000896551724e-09	2.000000052631579e-01	0.000000000000000e+00	0.000000000000000e+00	
2.700000896551724e-09	3.000000105263158e-01	0.000000000000000e+00	0.000000000000000e+00	
2.700000896551724e-09	4.000000157894736e-01	0.000000000000000e+00	0.000000000000000e+00	
2.700000896551724e-09	5.000000210526315e-01	0.000000000000000e+00	0.000000000000000e+00	
2.700000896551724e-09	6.000000263157893e-01	0.000000000000000e+00	0.000000000000000e+00	
2.700000896551724e-09	7.000000315789472e-01	0.000000000000000e+00	0.000000000000000e+00	
2.700000896551724e-09	8.000000368421051e-01	1.064741478878319e-01	1.356496828734379e-01	
2.700000896551724e-09	9.000000421052630e-01	1.699188023604958e-01	1.489516974663987e-01	
2.700000896551724e-09	1.000000047368421e+00	1.626976708355901e-01	7.263963139783543e-02	
2.700000896551724e-09	1.100000052631579e+00	1.618748674553305e-01	4.255480096298363e-02	
2.700000896551724e-09	1.200000057894737e+00	1.492264419502493e-01	4.562356985101449e-02	
2.700000896551724e-09	1.300000063157895e+00	1.331517428241513e-01	4.233385964935300e-02	
2.700000896551724e-09	1.400000068421052e+00	1.318562181482719e-01	5.136211624204909e-02	
2.700000896551724e-09	1.500000073684210e+00	1.117125850456800e-01	4.763498767503595e-02	
2.700000896551724e-09	1.600000078947368e+00	1.124320650442412e-01	4.400228745068433e-02	
2.700000896551724e-09	1.700000084210526e+00	9.970492299079069e-02	5.586075504998825e-02	
2.700000896551724e-09	1.800000089473684e+00	9.223587337470182e-02	5.374189645393364e-02	
2.700000896551724e-09	1.900000094736842e+00	6.501158634743281e-02	4.962531948394967e-02	
2.700000896551724e-09	2.000000100000000e+00	4.866855107862628e-02	4.023812304543268e-02	
2.800000931034482e-09	1.000000000000000e-01	0.000000000000000e+00	0.000000000000000e+00	
2.800000931034482e-09	2.000000052631579e-01	0.000000000000000e+00	0.000000000000000e+00	
2.800000931034482e-09	3.000000105263158e-01	0.000000000000000e+00	0.000000000000000e+00	
2.800000931034482e-09	4.000000157894736e-01	0.000000000000000e+00	0.000000000000000e+00	
2.800000931034482e-09	5.000000210526315e-01	0.000000000000000e+00	0.000000000000000e+00	
2.800000931034482e-09	6.000000263157893e-01	0.000000000000000e+00	0.000000000000000e+00	
2.800000931034482e-09	7.000000315789472e-01	0.000000000000000e+00	0.000000000000000e+00	
2.800000931034482e-09	8.000000368421051e-01	5.880645289571824e-02	1.183998670689621e-01	
2.800000931034482e-09	9.000000421052630e-01	2.119639452852495e-01	1.104980800701282e-01	
2.800000931034482e-09	1.000000047368421e+00	2.020105999871774e-01	6.517752208650505e-02	
2.800000931034482e-09	1.100000052631579e+00	1.536300525019279e-01	5.197854871882530e-02	
2.800000931034482e-09	1.200000057894737e+00	1.401189939368475e-01	4.782515745423652e-02	
2.800000931034482e-09	1.300000063157895e+00	1.399006983278125e-01	4.804798559331287e-02	
2.800000931034482e-09	1.400000068421052e+00	1.156589644465134e-01	4.832248319375548e-02	
2.800000931034482e-09	1.500000073684210e+00	1.252310366909014e-01	5.738514785504083e-02	
2.800000931034482e-09	1.600000078947368e+00	1.000509440672170e-01	4.683051720168836e-02	
2.800000931034482e-09	1.700000084210526e+00	1.026149792448814e-01	6.305453463979037e-02	
2.800000931034482e-09	1.800000089473684e+00	7.915535550612557e-02	5.142162660090224e-02	
2.800000931034482e-09	1.900000094736842e+00	7.511200061572849e-02	5.033534759430234e-02	
2.800000931034482e-09	2.000000100000000e+00	6.121926810290612e-02	4.598425499053646e-02	
2.900000965517241e-09	1.000000000000000e-01	0.000000000000000e+00	0.000000000000000e+00	
2.900000965517241e-09	2.000000052631579e-01	0.000000000000000e+00	0.000000000000000e+00	
2.900000965517241e-09	3.000000105263158e-01	0.000000000000000e+00	0.000000000000000e+00	
2.900000965517241e-09	4.000000157894736e-01	0.000000000000000e+00	0.000000000000000e+00	
2.900000965517241e-09	5.000000210526315e-01	0.000000000000000e+00	0.000000000000000e+00	
2.900000965517241e-09	6.000000263157893e-01	0.000000000000000e+00	0.000000000000000e+00	
2.900000965517241e-09	7.000000315789472e-01	0.000000000000000e+00	0.000000000000000e+00	
2.900000965517241e-09	8.000000368421051e-01	8.353735584166196e-02	1.191736866664175e-01	
2.900000965517241e-09	9.000000421052630e-01	2.275691260616417e-01	1.135784855965617e-01	
2.900000965517241e-09	1.000000047368421e+00	1.842973162623870e-01	6.017747818076628e-02	
2.900000965517241e-09	1.100000052631579e+00	1.507137639870496e-01	4.504457455228647e-02	
2.900000965517241e-09	1.200000057894737e+00	1.435777134634601e-01	4.346065030636340e-02	
2.900000965517241e-09	1.300000063157895e+00	1.276327529166610e-01	4.717482978832216e-02	
2.900000965517241e-09	1.400000068421052e+00	1.155099027933185e-01	6.092090239663268e-02	
2.900000965517241e-09	1.500000073684210e+00	1.124268823207712e-01	5.557671638112341e-02	
2.900000965517241e-09	1.600000078947368e+00	1.096339608778358e-01	5.751046235115963e-02	
2.900000965517241e-09	1.700000084210526e+00	9.340194471019667e-02	5.089960532031468e-02	
2.900000965517241e-09	1.800000089473684e+00	7.851576003684492e-02	4.848152500752103e-02	
2.900000965517241e-09	1.900000094736842e+00	6.048763792073362e-02	4.377837383182027e-02	
2.900000965517241e-09	2.000000100000000e+00	4.711882510782235e-02	4.099006705561833e-02	
3.000001000000000e-09	1.000000000000000e-01	0.000000000000000e+00	0.000000000000000e+00	
3.000001000000000e-09	2.000000052631579e-01	0.000000000000000e+00	0.000000000000000e+00	
3.000001000000000e-09	3.000000105263158e-01	0.000000000000000e+00	0.000000000000000e+00	
3.000001000000000e-09	4.000000157894736e-01	0.000000000000000e+00	0.000000000000000e+00	
3.000001000000000e-09	5.000000210526315e-01	0.000000000000000e+00	0.000000000000000e+00	
3.000001000000000e-09	6.000000263157893e-01	0.000000000000000e+00	0.000000000000000e+00	
3.000001000000000e-09	7.000000315789472e-01	0.000000000000000e+00	0.000000000000000e+00	
3.000001000000000e-09	8.000000368421051e-01	7.140259442936608e-02	1.124223842283089e-01	
3.000001000000000e-09	9.000000421052630e-01	2.073560746948259e-01	1.149192967055177e-01	
3.000001000000000e-09	1.000000047368421e+00	1.895972095984058e-01	8.236082522251699e-02	
3.000001000000000e-09	1.100000052631579e+00	1.619659982183047e-01	4.858787732649286e-02	
3.000001000000000e-09	1.200000057894737e+00	1.450095089523293e-01	3.765926292620069e-02	
3.000001000000000e-09	1.300000063157895e+00	1.344183244798049e-01	5.438356730221523e-02	
3.000001000000000e-09	1.400000068421052e+00	1.172002857277865e-01	5.081028087863109e-02	
3.000001000000000e-09	1.500000073684210e+00	1.177960812293213e-01	6.520187144242046e-02	
3.000001000000000e-09	1.600000078947368e+00	1.105756517822491e-01	5.192819434357605e-02	
3.000001000000000e-09	1.700000084210526e+00	8.981450043693839e-02	4.551459022826198e-02	
3.000001000000000e-09	1.800000089473684e+00	7.540112280928005e-02	5.111999430218907e-02	
3.000001000000000e-09	1.900000094736842e+00	5.803579790988095e-02	3.447562411152601e-02	
3.000001000000000e-09	2.000000100000000e+00	4.320074661275218e-02	3.648577914016123e-02	
